400.130	159.390
400.310	161.676
400.490	164.606
400.670	167.243
400.850	168.554
401.030	171.075
401.210	173.012
401.380	175.553
401.560	178.043
401.740	180.823
401.920	183.960
402.100	185.941
402.280	188.262
402.460	190.780
402.640	193.817
402.820	196.299
403.000	198.281
403.180	200.988
403.360	203.785
403.540	206.018
403.720	208.739
403.900	212.417
404.080	215.861
404.260	219.236
404.440	222.067
404.620	225.673
404.800	229.046
404.970	231.723
405.150	235.244
405.330	239.059
405.510	242.608
405.690	246.511
405.870	250.360
406.050	254.414
406.230	259.174
406.410	262.951
406.590	267.730
406.770	272.307
406.950	276.370
407.130	280.870
407.310	286.507
407.490	291.662
407.670	298.698
407.850	305.267
408.030	312.107
408.210	319.991
408.390	327.409
408.570	335.229
408.750	343.126
408.930	351.831
409.110	361.078
409.290	369.870
409.470	378.955
409.650	388.124
409.830	398.165
410.010	408.454
410.190	419.678
410.370	431.559
410.550	443.035
410.730	454.137
410.910	465.892
411.090	478.474
411.270	490.956
411.450	503.686
411.630	516.914
411.810	530.887
411.990	545.569
412.170	560.711
412.350	576.056
412.530	591.943
412.710	608.386
412.890	625.605
413.070	642.619
413.250	660.314
413.430	678.930
413.610	697.791
413.790	716.863
413.970	736.815
414.150	757.772
414.330	778.579
414.510	800.329
414.690	822.808
414.870	846.859
415.050	870.368
415.230	894.542
415.410	919.658
415.590	945.098
415.770	971.144
415.950	997.711
416.130	1025.138
416.310	1053.561
416.490	1082.234
416.670	1111.992
416.850	1141.708
417.030	1173.456
417.210	1205.904
417.390	1239.194
417.570	1271.941
417.750	1306.415
417.930	1341.790
418.110	1378.538
418.290	1415.769
418.470	1454.044
418.650	1492.687
418.830	1533.391
419.010	1574.779
419.190	1617.679
419.370	1660.631
419.560	1703.828
419.740	1748.430
419.920	1793.646
420.100	1840.192
420.280	1888.397
420.460	1936.900
420.640	1987.809
420.820	2038.758
421.000	2090.708
421.180	2143.867
421.360	2198.756
421.540	2253.744
421.720	2311.709
421.900	2369.158
422.080	2428.545
422.260	2488.529
422.440	2550.012
422.620	2612.647
422.800	2677.240
422.990	2743.353
423.170	2810.417
423.350	2878.537
423.530	2948.406
423.710	3018.812
423.890	3090.300
424.070	3162.378
424.250	3237.164
424.430	3312.691
424.610	3388.195
424.790	3465.392
424.970	3544.707
425.150	3624.550
425.330	3705.115
425.510	3788.196
425.700	3871.325
425.880	3955.760
426.060	4042.477
426.240	4129.256
426.420	4215.719
426.600	4303.596
426.780	4391.842
426.960	4483.052
427.140	4574.961
427.320	4666.298
427.500	4758.398
427.680	4851.596
427.860	4945.531
428.050	5038.589
428.230	5133.389
428.410	5227.854
428.590	5323.237
428.770	5418.342
428.950	5514.152
429.130	5609.441
429.310	5706.333
429.490	5802.244
429.670	5896.809
429.860	5991.559
430.040	6086.694
430.220	6180.243
430.400	6271.797
430.580	6364.962
430.760	6457.091
430.940	6546.889
431.120	6636.285
431.300	6724.903
431.480	6812.205
431.670	6898.156
431.850	6983.335
432.030	7068.127
432.210	7150.272
432.390	7231.489
432.570	7310.476
432.750	7387.159
432.930	7461.344
433.110	7535.270
433.300	7605.276
433.480	7674.879
433.660	7741.751
433.840	7808.195
434.020	7870.413
434.200	7932.123
434.380	7991.248
434.560	8048.992
434.750	8104.309
434.930	8155.950
435.110	8203.757
435.290	8251.229
435.470	8295.768
435.650	8338.513
435.830	8378.620
436.010	8416.538
436.200	8450.997
436.380	8483.218
436.560	8512.795
436.740	8540.184
436.920	8565.677
437.100	8589.712
437.280	8610.689
437.470	8629.788
437.650	8647.165
437.830	8663.948
438.010	8676.552
438.190	8687.249
438.370	8696.106
438.550	8704.375
438.740	8711.578
438.920	8716.102
439.100	8720.311
439.280	8721.002
439.460	8719.074
439.640	8716.529
439.820	8712.023
440.010	8706.338
440.190	8701.452
440.370	8693.947
440.550	8684.745
440.730	8677.047
440.910	8665.161
441.100	8653.301
441.280	8639.686
441.460	8626.281
441.640	8611.481
441.820	8594.397
442.000	8575.081
442.190	8555.486
442.370	8536.505
442.550	8517.403
442.730	8495.998
442.910	8475.297
443.090	8452.208
443.280	8429.363
443.460	8404.830
443.640	8381.841
443.820	8357.330
444.000	8332.052
444.180	8305.026
444.370	8277.080
444.550	8249.084
444.730	8221.583
444.910	8191.247
445.090	8160.520
445.270	8129.626
445.460	8097.713
445.640	8064.064
445.820	8031.533
446.000	7996.732
446.180	7959.932
446.370	7925.374
446.550	7887.066
446.730	7848.709
446.910	7810.445
447.090	7770.679
447.280	7730.354
447.460	7689.095
447.640	7646.868
447.820	7604.521
448.000	7560.877
448.190	7515.652
448.370	7470.955
448.550	7424.419
448.730	7377.601
448.910	7329.803
449.100	7281.338
449.280	7232.004
449.460	7183.361
449.640	7134.939
449.820	7084.722
450.010	7033.492
450.190	6982.288
450.370	6928.695
450.550	6875.553
450.730	6823.420
450.920	6770.291
451.100	6715.087
451.280	6660.565
451.460	6605.535
451.650	6550.245
451.830	6494.963
452.010	6439.603
452.190	6383.221
452.370	6327.566
452.560	6271.851
452.740	6214.261
452.920	6158.033
453.100	6102.761
453.290	6047.196
453.470	5992.152
453.650	5936.748
453.830	5879.888
454.010	5825.997
454.200	5771.704
454.380	5717.757
454.560	5664.252
454.740	5610.411
454.930	5557.674
455.110	5504.042
455.290	5450.876
455.470	5399.283
455.660	5346.908
455.840	5294.833
456.020	5244.098
456.200	5194.363
456.390	5145.284
456.570	5096.036
456.750	5048.308
456.930	4999.653
457.120	4951.983
457.300	4905.282
457.480	4858.551
457.660	4812.690
457.850	4768.160
458.030	4723.463
458.210	4678.834
458.390	4635.495
458.580	4592.389
458.760	4550.078
458.940	4508.369
459.120	4467.136
459.310	4425.916
459.490	4384.784
459.670	4344.618
459.850	4306.347
460.040	4267.724
460.220	4230.100
460.400	4192.286
460.580	4155.724
460.770	4119.064
460.950	4081.989
461.130	4046.313
461.310	4011.935
461.500	3976.466
461.680	3942.166
461.860	3908.505
462.050	3874.928
462.230	3842.712
462.410	3810.218
462.590	3778.789
462.780	3747.960
462.960	3716.907
463.140	3686.783
463.330	3656.178
463.510	3625.858
463.690	3596.531
463.870	3567.089
464.060	3538.683
464.240	3509.946
464.420	3482.049
464.610	3453.852
464.790	3426.279
464.970	3399.967
465.150	3373.625
465.340	3348.013
465.520	3323.131
465.700	3298.122
465.890	3272.525
466.070	3248.082
466.250	3223.786
466.430	3200.433
466.620	3177.857
466.800	3156.448
466.980	3134.815
467.170	3113.348
467.350	3090.669
467.530	3069.310
467.720	3048.745
467.900	3028.837
468.080	3008.875
468.270	2989.527
468.450	2970.769
468.630	2952.589
468.810	2933.400
469.000	2915.917
469.180	2898.408
469.360	2881.716
469.550	2865.762
469.730	2848.960
469.910	2832.945
470.100	2818.132
470.280	2802.912
470.460	2788.838
470.650	2774.937
470.830	2761.860
471.010	2749.107
471.200	2736.139
471.380	2724.584
471.560	2713.472
471.750	2702.318
471.930	2692.333
472.110	2683.451
472.300	2674.835
472.480	2666.451
472.660	2658.079
472.850	2650.808
473.030	2643.582
473.210	2636.106
473.400	2630.224
473.580	2624.250
473.760	2618.849
473.950	2613.397
474.130	2608.811
474.310	2603.384
474.500	2599.699
474.680	2596.963
474.860	2594.436
475.050	2592.412
475.230	2590.260
475.410	2588.475
475.600	2587.223
475.780	2586.763
475.960	2586.220
476.150	2586.092
476.330	2587.754
476.510	2588.975
476.700	2590.698
476.880	2592.302
477.070	2594.741
477.250	2597.467
477.430	2601.868
477.620	2605.754
477.800	2610.715
477.980	2615.380
478.170	2619.781
478.350	2625.841
478.530	2632.295
478.720	2638.951
478.900	2645.400
479.090	2651.276
479.270	2658.362
479.450	2665.572
479.640	2672.907
479.820	2679.858
480.000	2688.011
480.190	2697.270
480.370	2705.831
480.550	2715.402
480.740	2725.406
480.920	2736.038
481.110	2746.838
481.290	2757.899
481.470	2769.350
481.660	2781.208
481.840	2793.799
482.030	2805.565
482.210	2818.153
482.390	2831.322
482.580	2845.297
482.760	2859.865
482.940	2874.697
483.130	2889.419
483.310	2903.933
483.500	2920.078
483.680	2935.485
483.860	2951.259
484.050	2967.337
484.230	2983.863
484.420	2999.969
484.600	3016.787
484.780	3034.593
484.970	3051.688
485.150	3069.033
485.340	3086.235
485.520	3104.196
485.700	3123.621
485.890	3142.482
486.070	3161.695
486.260	3180.728
486.440	3200.300
486.620	3220.585
486.810	3241.575
486.990	3263.328
487.180	3284.852
487.360	3307.062
487.550	3328.568
487.730	3350.696
487.910	3372.645
488.100	3394.573
488.280	3417.143
488.470	3440.083
488.650	3463.333
488.830	3486.511
489.020	3510.266
489.200	3533.736
489.390	3557.414
489.570	3582.030
489.760	3605.374
489.940	3629.313
490.120	3652.893
490.310	3676.943
490.490	3701.353
490.680	3726.167
490.860	3750.528
491.050	3775.040
491.230	3800.454
491.410	3825.457
491.600	3851.001
491.780	3876.398
491.970	3902.527
492.150	3928.845
492.340	3955.947
492.520	3982.616
492.700	4009.327
492.890	4036.403
493.070	4063.590
493.260	4090.034
493.440	4116.967
493.630	4144.835
493.810	4172.675
494.000	4200.137
494.180	4227.823
494.370	4255.764
494.550	4283.560
494.730	4310.618
494.920	4338.785
495.100	4367.701
495.290	4396.146
495.470	4424.300
495.660	4453.729
495.840	4482.563
496.030	4510.915
496.210	4539.589
496.400	4568.528
496.580	4597.506
496.760	4626.701
496.950	4655.631
497.130	4685.058
497.320	4715.017
497.500	4744.853
497.690	4774.099
497.870	4803.336
498.060	4833.471
498.240	4863.635
498.430	4894.291
498.610	4925.344
498.800	4955.935
498.980	4985.891
499.170	5015.939
499.350	5047.193
499.540	5078.769
499.720	5109.324
499.910	5139.884
500.090	5170.455
500.270	5201.716
500.460	5232.103
500.640	5261.998
500.830	5293.145
501.010	5324.481
501.200	5353.859
501.380	5383.960
501.570	5415.180
501.750	5446.481
501.940	5477.478
502.120	5508.217
502.310	5538.842
502.490	5569.003
502.680	5598.575
502.860	5627.407
503.050	5657.446
503.230	5685.837
503.420	5715.544
503.600	5744.725
503.790	5774.603
503.970	5804.481
504.160	5833.024
504.340	5862.151
504.530	5892.281
504.710	5921.358
504.900	5949.337
505.080	5979.269
505.270	6008.074
505.450	6038.367
505.640	6067.427
505.820	6096.351
506.010	6125.191
506.190	6151.930
506.380	6181.201
506.560	6211.440
506.750	6239.680
506.940	6267.452
507.120	6295.287
507.310	6323.410
507.490	6351.293
507.680	6379.279
507.860	6405.817
508.050	6433.369
508.230	6462.065
508.420	6489.459
508.600	6515.434
508.790	6544.244
508.970	6572.136
509.160	6598.839
509.340	6626.300
509.530	6653.446
509.710	6679.498
509.900	6706.729
510.080	6734.071
510.270	6761.904
510.460	6790.861
510.640	6818.718
510.830	6846.433
511.010	6874.703
511.200	6902.579
511.380	6929.813
511.570	6956.336
511.750	6984.068
511.940	7011.833
512.120	7039.062
512.310	7064.268
512.500	7091.650
512.680	7117.679
512.870	7146.193
513.050	7172.487
513.240	7198.833
513.420	7225.173
513.610	7250.642
513.790	7276.786
513.980	7302.942
514.170	7327.602
514.350	7354.428
514.540	7380.947
514.720	7406.979
514.910	7431.394
515.090	7455.000
515.280	7480.490
515.460	7506.400
515.650	7532.252
515.840	7556.538
516.020	7580.552
516.210	7606.096
516.390	7629.971
516.580	7654.043
516.760	7677.762
516.950	7700.397
517.140	7723.051
517.320	7746.230
517.510	7769.051
517.690	7790.693
517.880	7813.617
518.060	7836.453
518.250	7858.277
518.440	7879.756
518.620	7902.202
518.810	7924.431
518.990	7945.279
519.180	7968.006
519.370	7989.228
519.550	8009.121
519.740	8028.789
519.920	8051.339
520.110	8071.508
520.300	8092.654
520.480	8112.968
520.670	8133.986
520.850	8151.926
521.040	8171.701
521.220	8192.344
521.410	8212.017
521.600	8230.253
521.780	8250.607
521.970	8268.349
522.150	8286.540
522.340	8304.769
522.530	8324.996
522.710	8345.082
522.900	8363.423
523.080	8380.596
523.270	8398.995
523.460	8417.865
523.640	8436.338
523.830	8454.032
524.020	8472.502
524.200	8489.434
524.390	8508.516
524.570	8526.518
524.760	8544.709
524.950	8563.492
525.130	8583.535
525.320	8602.088
525.500	8618.551
525.690	8634.861
525.880	8653.115
526.060	8672.502
526.250	8687.777
526.440	8703.991
526.620	8721.124
526.810	8737.273
526.990	8753.101
527.180	8769.928
527.370	8786.609
527.550	8801.526
527.740	8819.538
527.930	8834.352
528.110	8849.406
528.300	8864.769
528.480	8881.915
528.670	8898.115
528.860	8914.298
529.040	8929.807
529.230	8945.728
529.420	8959.149
529.600	8974.270
529.790	8988.958
529.980	9003.368
530.160	9016.014
530.350	9030.112
530.540	9044.034
530.720	9059.138
530.910	9073.029
531.090	9085.611
531.280	9099.948
531.470	9113.206
531.650	9125.906
531.840	9140.073
532.030	9151.265
532.210	9165.533
532.400	9179.605
532.590	9191.656
532.770	9201.448
532.960	9213.859
533.150	9225.913
533.330	9236.777
533.520	9247.724
533.710	9259.615
533.890	9271.996
534.080	9283.379
534.270	9294.938
534.450	9307.489
534.640	9321.148
534.830	9333.089
535.010	9344.626
535.200	9358.207
535.390	9368.710
535.570	9380.924
535.760	9390.980
535.950	9401.982
536.130	9414.292
536.320	9426.603
536.510	9437.001
536.690	9449.214
536.880	9460.639
537.070	9473.843
537.250	9486.183
537.440	9498.445
537.630	9509.669
537.820	9522.627
538.000	9533.152
538.190	9545.018
538.380	9557.189
538.560	9568.278
538.750	9579.212
538.940	9590.227
539.120	9601.413
539.310	9613.049
539.500	9624.530
539.680	9637.657
539.870	9647.868
540.060	9657.180
540.250	9667.149
540.430	9679.244
540.620	9689.928
540.810	9702.175
540.990	9713.538
541.180	9725.240
541.370	9733.556
541.550	9742.637
541.740	9752.578
541.930	9761.969
542.120	9770.321
542.300	9779.817
542.490	9788.937
542.680	9799.558
542.860	9807.772
543.050	9815.748
543.240	9823.005
543.430	9832.030
543.610	9839.031
543.800	9845.583
543.990	9851.953
544.170	9861.237
544.360	9869.360
544.550	9875.320
544.740	9880.536
544.920	9886.207
545.110	9890.574
545.300	9895.770
545.480	9901.081
545.670	9908.068
545.860	9914.500
546.050	9920.270
546.230	9925.763
546.420	9932.486
546.610	9937.625
546.800	9942.949
546.980	9946.824
547.170	9950.667
547.360	9954.556
547.540	9958.886
547.730	9962.870
547.920	9967.977
548.110	9971.715
548.290	9974.687
548.480	9975.175
548.670	9977.628
548.860	9980.423
549.040	9984.643
549.230	9989.026
549.420	9992.414
549.610	9996.185
549.790	9998.159
549.980	9999.385
550.170	10002.662
550.360	10004.491
550.540	10008.240
550.730	10012.456
550.920	10016.264
551.110	10019.465
551.290	10023.705
551.480	10027.472
551.670	10029.836
551.860	10030.140
552.040	10032.112
552.230	10035.579
552.420	10039.110
552.610	10041.652
552.800	10045.987
552.980	10050.730
553.170	10054.528
553.360	10056.213
553.550	10057.148
553.730	10059.973
553.920	10060.828
554.110	10062.425
554.300	10064.706
554.480	10066.938
554.670	10069.161
554.860	10071.167
555.050	10072.520
555.240	10073.430
555.420	10075.338
555.610	10077.330
555.800	10078.560
555.990	10079.756
556.170	10082.985
556.360	10084.125
556.550	10082.838
556.740	10083.877
556.930	10083.357
557.110	10082.714
557.300	10084.017
557.490	10084.719
557.680	10084.377
557.870	10084.781
558.050	10083.525
558.240	10081.640
558.430	10080.321
558.620	10079.310
558.810	10080.048
558.990	10077.966
559.180	10078.318
559.370	10077.571
559.560	10076.280
559.750	10075.344
559.930	10073.316
560.120	10072.269
560.310	10071.030
560.500	10068.944
560.690	10067.268
560.870	10063.758
561.060	10063.617
561.250	10061.203
561.440	10058.576
561.630	10057.153
561.810	10055.434
562.000	10052.147
562.190	10050.816
562.380	10047.626
562.570	10044.793
562.760	10042.697
562.940	10040.404
563.130	10038.405
563.320	10035.221
563.510	10033.501
563.700	10032.744
563.880	10029.618
564.070	10028.377
564.260	10028.878
564.450	10025.544
564.640	10024.991
564.830	10025.352
565.010	10023.283
565.200	10021.771
565.390	10021.986
565.580	10019.692
565.770	10017.990
565.960	10016.563
566.140	10014.146
566.330	10013.810
566.520	10010.388
566.710	10010.023
566.900	10006.253
567.090	10004.854
567.270	10004.849
567.460	10003.164
567.650	10002.557
567.840	10000.067
568.030	9998.561
568.220	9996.236
568.410	9993.186
568.590	9992.154
568.780	9989.037
568.970	9987.443
569.160	9986.725
569.350	9984.831
569.540	9983.848
569.720	9982.128
569.910	9978.972
570.100	9976.309
570.290	9974.686
570.480	9970.254
570.670	9968.585
570.860	9966.168
571.040	9963.735
571.230	9959.491
571.420	9956.426
571.610	9954.177
571.800	9953.359
571.990	9950.131
572.180	9948.274
572.370	9946.006
572.550	9942.396
572.740	9939.089
572.930	9935.698
573.120	9932.349
573.310	9928.098
573.500	9927.346
573.690	9924.788
573.880	9923.586
574.060	9919.904
574.250	9919.910
574.440	9916.921
574.630	9914.979
574.820	9911.413
575.010	9909.062
575.200	9906.270
575.390	9902.896
575.570	9901.005
575.760	9898.850
575.950	9896.969
576.140	9894.682
576.330	9892.874
576.520	9891.921
576.710	9889.705
576.900	9885.075
577.090	9883.461
577.270	9882.209
577.460	9881.371
577.650	9879.511
577.840	9879.551
578.030	9878.735
578.220	9879.444
578.410	9878.010
578.600	9875.959
578.790	9875.394
578.980	9874.961
579.160	9875.720
579.350	9875.480
579.540	9873.519
579.730	9873.906
579.920	9874.198
580.110	9873.003
580.300	9874.282
580.490	9874.506
580.680	9876.220
580.870	9876.614
581.060	9878.225
581.250	9878.878
581.430	9879.681
581.620	9880.139
581.810	9881.969
582.000	9880.933
582.190	9880.810
582.380	9881.388
582.570	9882.783
582.760	9881.520
582.950	9882.251
583.140	9882.589
583.330	9883.041
583.520	9883.685
583.710	9883.731
583.890	9883.608
584.080	9883.160
584.270	9881.867
584.460	9882.499
584.650	9883.726
584.840	9884.322
585.030	9883.447
585.220	9882.942
585.410	9883.688
585.600	9883.269
585.790	9882.548
585.980	9883.253
586.170	9883.700
586.360	9884.475
586.550	9884.019
586.740	9885.427
586.920	9883.139
587.110	9884.654
587.300	9885.878
587.490	9884.877
587.680	9884.083
587.870	9883.134
588.060	9882.527
588.250	9883.033
588.440	9881.204
588.630	9881.791
588.820	9882.156
589.010	9881.098
589.200	9880.930
589.390	9881.273
589.580	9879.672
589.770	9878.274
589.960	9878.020
590.150	9879.201
590.340	9879.429
590.530	9880.810
590.720	9881.829
590.910	9883.351
591.100	9884.145
591.280	9884.718
591.470	9886.891
591.660	9890.277
591.850	9892.822
592.040	9895.747
592.230	9898.281
592.420	9900.288
592.610	9902.325
592.800	9903.965
592.990	9907.484
593.180	9908.358
593.370	9910.557
593.560	9914.125
593.750	9916.654
593.940	9919.740
594.130	9921.805
594.320	9924.617
594.510	9926.940
594.700	9930.543
594.890	9931.245
595.080	9933.361
595.270	9936.601
595.460	9939.385
595.650	9941.858
595.840	9944.491
596.030	9947.497
596.220	9949.562
596.410	9950.844
596.600	9952.617
596.790	9955.377
596.980	9957.839
597.170	9959.402
597.360	9960.361
597.550	9962.227
597.740	9964.093
597.930	9963.524
598.120	9963.476
598.310	9964.781
598.500	9965.471
598.690	9965.448
598.880	9965.662
599.070	9966.180
599.260	9966.677
599.450	9966.410
599.640	9965.714
599.830	9964.306
600.020	9964.245
600.210	9963.281
600.400	9962.713
600.590	9962.376
600.780	9961.572
600.970	9962.094
601.160	9961.903
601.350	9959.999
601.540	9959.176
601.730	9957.984
601.920	9958.381
602.110	9957.427
602.300	9956.396
602.490	9956.259
602.680	9956.926
602.870	9954.451
603.070	9953.844
603.260	9952.233
603.450	9951.916
603.640	9950.576
603.830	9949.083
604.020	9950.484
604.210	9950.949
604.400	9951.052
604.590	9951.406
604.780	9953.117
604.970	9954.619
605.160	9957.252
605.350	9959.722
605.540	9962.063
605.730	9964.205
605.920	9966.152
606.110	9967.960
606.300	9968.830
606.490	9970.205
606.680	9971.792
606.870	9973.552
607.060	9974.032
607.250	9975.213
607.450	9977.120
607.640	9980.637
607.830	9981.888
608.020	9983.550
608.210	9984.795
608.400	9985.479
608.590	9986.601
608.780	9988.768
608.970	9990.248
609.160	9992.449
609.350	9993.773
609.540	9994.598
609.730	9995.341
609.920	9997.994
610.110	9999.273
610.300	10000.878
610.500	10001.310
610.690	10003.543
610.880	10004.020
611.070	10004.660
611.260	10004.583
611.450	10004.904
611.640	10004.704
611.830	10005.200
612.020	10003.376
612.210	10002.874
612.400	10000.757
612.590	9998.234
612.780	9994.945
612.980	9994.336
613.170	9992.245
613.360	9990.556
613.550	9989.350
613.740	9988.810
613.930	9985.981
614.120	9983.476
614.310	9982.307
614.500	9981.671
614.690	9978.808
614.880	9977.188
615.070	9974.349
615.270	9971.598
615.460	9967.943
615.650	9964.586
615.840	9961.278
616.030	9959.049
616.220	9957.316
616.410	9954.127
616.600	9951.761
616.790	9950.385
616.980	9947.532
617.180	9943.776
617.370	9940.902
617.560	9937.131
617.750	9932.750
617.940	9929.546
618.130	9926.085
618.320	9924.267
618.510	9921.782
618.700	9919.829
618.900	9919.646
619.090	9918.498
619.280	9915.382
619.470	9912.810
619.660	9909.546
619.850	9908.758
620.040	9906.325
620.230	9905.554
620.430	9903.903
620.620	9904.570
620.810	9901.091
621.000	9899.003
621.190	9894.527
621.380	9891.060
621.570	9887.939
621.760	9886.433
621.960	9884.864
622.150	9883.637
622.340	9879.340
622.530	9877.828
622.720	9874.540
622.910	9872.209
623.100	9868.303
623.290	9865.788
623.490	9863.593
623.680	9863.141
623.870	9861.055
624.060	9858.632
624.250	9857.034
624.440	9852.938
624.630	9847.822
624.830	9842.924
625.020	9838.963
625.210	9834.519
625.400	9830.067
625.590	9826.972
625.780	9822.755
625.970	9817.393
626.170	9810.086
626.360	9803.398
626.550	9796.726
626.740	9787.913
626.930	9781.868
627.120	9776.837
627.320	9771.146
627.510	9765.648
627.700	9757.313
627.890	9749.893
628.080	9739.872
628.270	9730.181
628.470	9719.559
628.660	9712.392
628.850	9705.199
629.040	9699.145
629.230	9691.751
629.420	9682.638
629.620	9672.110
629.810	9663.137
630.000	9652.921
630.190	9644.793
630.380	9635.422
630.570	9626.334
630.770	9616.533
630.960	9607.561
631.150	9596.620
631.340	9585.212
631.530	9572.781
631.720	9561.408
631.920	9550.355
632.110	9540.335
632.300	9529.957
632.490	9520.131
632.680	9510.208
632.880	9500.211
633.070	9491.232
633.260	9481.987
633.450	9469.567
633.640	9458.726
633.840	9447.705
634.030	9438.034
634.220	9428.807
634.410	9418.438
634.600	9409.802
634.800	9397.740
634.990	9387.207
635.180	9375.863
635.370	9362.803
635.560	9352.007
635.760	9341.552
635.950	9331.511
636.140	9321.737
636.330	9310.492
636.520	9297.074
636.720	9283.801
636.910	9271.154
637.100	9258.258
637.290	9247.044
637.480	9236.265
637.680	9223.723
637.870	9210.931
638.060	9197.192
638.250	9184.102
638.440	9171.532
638.640	9158.001
638.830	9145.130
639.020	9130.753
639.210	9117.513
639.410	9102.683
639.600	9087.698
639.790	9073.036
639.980	9056.032
640.170	9040.626
640.370	9025.459
640.560	9010.264
640.750	8994.821
640.940	8977.914
641.140	8962.173
641.330	8947.156
641.520	8930.469
641.710	8913.911
641.910	8897.724
642.100	8880.550
642.290	8864.712
642.480	8847.329
642.670	8830.385
642.870	8812.523
643.060	8794.531
643.250	8778.701
643.440	8761.475
643.640	8743.770
643.830	8725.786
644.020	8705.786
644.210	8687.765
644.410	8671.515
644.600	8653.178
644.790	8634.684
644.980	8616.628
645.180	8596.413
645.370	8576.563
645.560	8558.783
645.750	8539.571
645.950	8522.428
646.140	8503.284
646.330	8484.774
646.520	8466.179
646.720	8447.402
646.910	8430.607
647.100	8413.794
647.290	8396.647
647.490	8379.881
647.680	8361.484
647.870	8342.798
648.070	8324.072
648.260	8305.413
648.450	8287.229
648.640	8268.666
648.840	8250.133
649.030	8231.614
649.220	8211.953
649.410	8193.477
649.610	8175.916
649.800	8156.412
649.990	8136.929
650.190	8116.450
650.380	8096.427
650.570	8077.687
650.760	8058.380
650.960	8039.996
651.150	8019.580
651.340	7999.890
651.530	7979.372
651.730	7959.540
651.920	7941.414
652.110	7922.249
652.310	7902.307
652.500	7882.284
652.690	7861.464
652.890	7839.191
653.080	7819.423
653.270	7799.631
653.460	7777.740
653.660	7758.100
653.850	7735.504
654.040	7713.716
654.240	7691.024
654.430	7669.504
654.620	7647.826
654.810	7625.446
655.010	7602.750
655.200	7580.974
655.390	7558.345
655.590	7536.010
655.780	7514.667
655.970	7492.724
656.170	7469.481
656.360	7447.237
656.550	7425.219
656.750	7402.838
656.940	7379.680
657.130	7356.936
657.320	7333.781
657.520	7309.607
657.710	7286.856
657.900	7264.534
658.100	7241.794
658.290	7220.416
658.480	7197.141
658.680	7173.027
658.870	7148.361
659.060	7124.704
659.260	7100.973
659.450	7078.746
659.640	7056.995
659.840	7035.570
660.030	7013.142
660.220	6988.819
660.420	6965.949
660.610	6944.005
660.800	6922.521
661.000	6900.473
661.190	6878.829
661.380	6857.620
661.580	6834.824
661.770	6812.988
661.960	6790.979
662.160	6767.954
662.350	6744.861
662.540	6723.763
662.740	6702.828
662.930	6681.224
663.120	6659.227
663.320	6635.448
663.510	6612.096
663.700	6589.261
663.900	6567.391
664.090	6545.452
664.280	6523.208
664.480	6501.541
664.670	6479.315
664.860	6458.101
665.060	6436.214
665.250	6414.022
665.450	6392.298
665.640	6369.292
665.830	6346.758
666.030	6325.893
666.220	6302.775
666.410	6280.956
666.610	6258.918
666.800	6236.913
666.990	6215.286
667.190	6193.512
667.380	6170.064
667.580	6147.275
667.770	6123.370
667.960	6099.509
668.160	6077.048
668.350	6054.494
668.540	6031.698
668.740	6010.095
668.930	5987.473
669.130	5964.049
669.320	5939.548
669.510	5915.977
669.710	5891.964
669.900	5869.618
670.090	5848.886
670.290	5826.898
670.480	5803.023
670.680	5779.260
670.870	5754.890
671.060	5730.923
671.260	5708.522
671.450	5686.626
671.640	5665.297
671.840	5642.197
672.030	5619.577
672.230	5596.396
672.420	5571.913
672.610	5549.809
672.810	5525.818
673.000	5503.467
673.200	5480.892
673.390	5458.122
673.580	5435.663
673.780	5412.415
673.970	5388.854
674.170	5367.027
674.360	5345.287
674.550	5323.601
674.750	5302.572
674.940	5280.032
675.140	5257.656
675.330	5235.910
675.520	5213.400
675.720	5190.832
675.910	5170.009
676.110	5148.601
676.300	5126.565
676.500	5104.502
676.690	5082.211
676.880	5061.454
677.080	5039.496
677.270	5018.767
677.470	4996.098
677.660	4975.495
677.850	4953.432
678.050	4932.117
678.240	4910.997
678.440	4889.428
678.630	4867.937
678.830	4847.493
679.020	4826.549
679.210	4806.290
679.410	4785.323
679.600	4763.447
679.800	4742.635
679.990	4721.661
680.190	4700.220
680.380	4679.557
680.570	4658.010
680.770	4637.531
680.960	4615.816
681.160	4594.877
681.350	4573.491
681.550	4552.452
681.740	4531.823
681.930	4510.637
682.130	4489.287
682.320	4467.817
682.520	4447.190
682.710	4425.717
682.910	4404.503
683.100	4383.340
683.300	4362.753
683.490	4342.474
683.680	4322.370
683.880	4301.042
684.070	4280.664
684.270	4260.233
684.460	4239.279
684.660	4218.972
684.850	4197.422
685.050	4177.545
685.240	4156.839
685.440	4137.354
685.630	4116.130
685.830	4096.361
686.020	4075.388
686.210	4055.295
686.410	4035.466
686.600	4015.040
686.800	3994.158
686.990	3973.882
687.190	3952.691
687.380	3932.214
687.580	3912.286
687.770	3892.343
687.970	3873.302
688.160	3853.785
688.360	3833.973
688.550	3813.923
688.750	3793.804
688.940	3775.100
689.140	3756.004
689.330	3737.862
689.520	3719.559
689.720	3701.247
689.910	3682.205
690.110	3662.834
690.300	3643.414
690.500	3624.306
690.690	3606.017
690.890	3588.764
691.080	3571.374
691.280	3552.925
691.470	3534.264
691.670	3515.497
691.860	3496.478
692.060	3477.599
692.250	3459.702
692.450	3442.683
692.640	3425.025
692.840	3406.477
693.030	3388.340
693.230	3370.791
693.420	3353.488
693.620	3335.949
693.810	3317.932
694.010	3300.815
694.200	3282.722
694.400	3265.256
694.590	3248.086
694.790	3231.616
694.980	3214.786
695.180	3198.787
695.370	3181.473
695.570	3164.179
695.760	3146.856
695.960	3129.110
696.150	3112.089
696.350	3094.856
696.540	3078.226
696.740	3061.317
696.930	3044.554
697.130	3028.401
697.320	3011.691
697.520	2995.199
697.720	2977.964
697.910	2961.257
698.110	2945.102
698.300	2929.111
698.500	2912.022
698.690	2895.688
698.890	2878.515
699.080	2861.949
699.280	2846.196
699.470	2830.183
699.670	2814.277
699.860	2799.670
700.060	2784.461
700.250	2768.544
700.450	2752.370
700.640	2735.880
700.840	2720.391
701.040	2704.404
701.230	2688.239
701.430	2672.767
701.620	2658.061
701.820	2643.001
702.010	2627.016
702.210	2612.488
702.400	2597.676
702.600	2582.449
702.790	2567.632
702.990	2553.544
703.190	2538.689
703.380	2524.679
703.580	2510.105
703.770	2496.034
703.970	2482.194
704.160	2467.985
704.360	2454.802
704.550	2440.611
704.750	2426.936
704.950	2413.052
705.140	2398.591
705.340	2384.812
705.530	2370.634
705.730	2357.013
705.920	2343.145
706.120	2329.208
706.310	2315.382
706.510	2303.547
706.710	2290.360
706.900	2278.160
707.100	2265.089
707.290	2252.001
707.490	2238.530
707.680	2225.706
707.880	2212.015
708.080	2199.256
708.270	2186.376
708.470	2173.314
708.660	2160.418
708.860	2148.172
709.060	2135.033
709.250	2122.487
709.450	2109.867
709.640	2098.185
709.840	2085.509
710.030	2073.626
710.230	2060.874
710.430	2048.297
710.620	2036.801
710.820	2024.408
711.010	2011.863
711.210	2000.038
711.410	1987.487
711.600	1975.529
711.800	1962.991
711.990	1950.384
712.190	1938.636
712.390	1926.807
712.580	1914.821
712.780	1903.450
712.970	1892.022
713.170	1880.657
713.370	1868.742
713.560	1856.793
713.760	1845.469
713.950	1834.547
714.150	1823.736
714.350	1812.926
714.540	1800.807
714.740	1789.010
714.930	1777.342
715.130	1765.629
715.330	1753.772
715.520	1742.640
715.720	1731.812
715.910	1721.056
716.110	1710.115
716.310	1699.680
716.500	1689.042
716.700	1679.112
716.900	1668.432
717.090	1658.832
717.290	1648.960
717.480	1639.319
717.680	1628.111
717.880	1618.143
718.070	1607.680
718.270	1598.011
718.470	1588.316
718.660	1577.829
718.860	1567.809
719.050	1558.895
719.250	1548.881
719.450	1539.701
719.640	1530.036
719.840	1520.666
720.040	1511.398
720.230	1502.161
720.430	1492.239
720.630	1483.874
720.820	1474.459
721.020	1464.502
721.210	1454.882
721.410	1445.946
721.610	1437.454
721.800	1428.269
722.000	1419.401
722.200	1410.706
722.390	1401.653
722.590	1393.096
722.790	1384.838
722.980	1375.980
723.180	1367.700
723.380	1359.428
723.570	1351.363
723.770	1343.234
723.970	1334.545
724.160	1325.550
724.360	1317.129
724.560	1308.982
724.750	1300.585
724.950	1292.735
725.140	1284.882
725.340	1277.128
725.540	1268.694
725.730	1261.516
725.930	1254.187
726.130	1246.514
726.320	1239.249
726.520	1231.384
726.720	1223.934
726.910	1216.824
727.110	1208.342
727.310	1200.323
727.510	1192.750
727.700	1185.784
727.900	1178.427
728.100	1171.329
728.290	1163.899
728.490	1157.784
728.690	1149.857
728.880	1142.467
729.080	1135.775
729.280	1129.094
729.470	1121.812
729.670	1114.817
729.870	1108.009
730.060	1101.115
730.260	1093.861
730.460	1087.295
730.650	1080.557
730.850	1073.208
731.050	1066.803
731.250	1059.990
731.440	1053.935
731.640	1048.201
731.840	1041.003
732.030	1035.194
732.230	1029.807
732.430	1023.445
732.620	1017.537
732.820	1011.697
733.020	1005.832
733.210	999.733
733.410	993.210
733.610	986.957
733.810	981.049
734.000	974.948
734.200	969.200
734.400	963.113
734.590	957.876
734.790	952.579
734.990	946.440
735.190	940.638
735.380	935.099
735.580	929.832
735.780	924.178
735.970	918.854
736.170	913.589
736.370	908.684
736.570	902.621
736.760	897.359
736.960	892.086
737.160	886.534
737.350	881.317
737.550	876.027
737.750	871.054
737.950	866.746
738.140	861.433
738.340	856.403
738.540	851.442
738.740	846.292
738.930	841.799
739.130	837.071
739.330	832.578
739.530	827.499
739.720	821.392
739.920	817.335
740.120	812.349
740.310	806.924
740.510	802.448
740.710	797.410
740.910	792.493
741.100	787.946
741.300	783.479
741.500	778.853
741.700	774.469
741.890	769.350
742.090	764.874
742.290	760.179
742.490	755.278
742.680	750.530
742.880	745.986
743.080	741.512
743.280	737.238
743.470	733.326
743.670	728.617
743.870	723.955
744.070	719.771
744.260	715.712
744.460	710.922
744.660	706.457
744.860	702.408
745.060	698.277
745.250	694.212
745.450	690.112
745.650	686.100
745.850	682.027
746.040	676.648
746.240	672.552
746.440	668.232
746.640	664.168
746.830	660.339
747.030	656.469
747.230	651.672
747.430	648.315
747.630	644.535
747.820	641.006
748.020	636.755
748.220	633.575
748.420	630.361
748.610	626.569
748.810	622.966
749.010	619.269
749.210	615.149
749.410	611.096
749.600	607.617
749.800	604.323
750.000	601.051
750.200	596.966
750.390	593.495
750.590	590.522
750.790	586.621
750.990	582.419
751.190	578.924
751.380	575.525
751.580	571.688
751.780	568.257
751.980	565.038
752.180	561.634
752.370	557.485
752.570	553.986
752.770	550.511
752.970	547.351
753.170	543.896
753.360	540.521
753.560	537.144
753.760	534.477
753.960	530.792
754.160	528.065
754.360	524.985
754.550	522.377
754.750	519.281
754.950	516.120
755.150	513.239
755.350	510.653
755.540	506.682
755.740	503.326
755.940	500.774
756.140	497.762
756.340	494.554
756.530	491.433
756.730	488.358
756.930	485.696
757.130	483.059
757.330	480.280
757.530	477.307
757.720	474.402
757.920	471.169
758.120	467.997
758.320	465.282
758.520	462.946
758.720	459.864
758.910	457.250
759.110	454.705
759.310	452.418
759.510	449.725
759.710	447.442
759.910	445.086
760.100	442.889
760.300	440.436
760.500	438.521
760.700	436.565
760.900	434.282
761.100	431.738
761.290	429.847
761.490	427.789
761.690	425.896
761.890	422.716
762.090	420.320
762.290	418.113
762.490	415.769
762.680	412.984
762.880	410.647
763.080	407.962
763.280	405.761
763.480	404.046
763.680	402.285
763.880	400.273
764.070	398.007
764.270	396.171
764.470	393.524
764.670	391.377
764.870	389.513
765.070	387.227
765.270	385.118
765.460	383.326
765.660	381.227
765.860	379.151
766.060	377.299
766.260	375.475
766.460	374.268
766.660	372.111
766.860	370.127
767.050	368.113
767.250	366.735
767.450	364.949
767.650	363.260
767.850	361.246
768.050	359.495
768.250	357.181
768.450	355.104
768.640	353.309
768.840	351.367
769.040	349.208
769.240	347.127
769.440	345.106
769.640	343.776
769.840	341.528
770.040	339.921
770.240	338.397
770.430	337.129
770.630	335.590
770.830	334.240
771.030	332.395
771.230	331.462
771.430	329.632
771.630	327.454
771.830	325.777
772.030	324.339
772.230	322.392
772.420	320.592
772.620	318.840
772.820	317.327
773.020	316.029
773.220	314.211
773.420	312.422
773.620	310.917
773.820	309.605
774.020	308.302
774.220	306.722
774.410	305.478
774.610	303.493
774.810	301.732
775.010	300.357
775.210	299.310
775.410	297.873
775.610	296.205
775.810	294.575
776.010	293.308
776.210	291.663
776.410	290.496
776.610	289.094
776.800	287.437
777.000	286.067
777.200	285.164
777.400	284.029
777.600	282.497
777.800	280.284
778.000	278.997
778.200	277.665
778.400	276.705
778.600	274.873
778.800	273.543
779.000	271.818
779.200	271.268
779.400	269.438
779.600	268.127
779.790	266.753
779.990	265.752
780.190	264.079
780.390	263.112
780.590	261.785
780.790	261.241
780.990	259.734
781.190	257.792
781.390	256.910
781.590	255.978
781.790	254.534
781.990	253.274
782.190	252.175
782.390	251.637
782.590	250.466
782.790	249.429
782.990	248.450
783.190	247.451
783.390	245.959
783.580	244.306
783.780	242.825
783.980	241.779
784.180	240.513
784.380	239.302
784.580	238.201
784.780	237.325
784.980	236.398
785.180	234.834
785.380	233.620
785.580	232.887
785.780	231.879
785.980	231.454
786.180	230.448
786.380	229.569
786.580	228.036
786.780	226.643
786.980	225.706
787.180	225.408
787.380	223.854
787.580	223.094
787.780	222.279
787.980	221.767
788.180	220.619
788.380	219.947
788.580	218.945
788.780	218.230
788.980	217.144
789.180	216.544
789.380	215.899
789.580	215.220
789.780	213.840
789.980	212.548
790.180	211.761
790.380	210.879
790.580	209.512
790.780	208.352
790.980	207.314
791.180	206.448
791.380	205.411
791.580	204.565
791.780	203.938
791.980	203.224
792.180	202.513
792.380	201.488
792.580	200.824
792.780	199.597
792.980	198.465
793.180	197.330
793.380	196.484
793.580	195.569
793.780	194.589
793.980	194.092
794.180	193.211
794.380	192.578
794.580	191.616
794.780	191.006
794.980	190.467
795.180	189.797
795.380	188.543
795.580	187.712
795.780	187.139
795.980	186.298
796.180	184.922
796.380	183.888
796.580	182.925
796.780	182.159
796.980	181.010
797.180	180.132
797.380	179.460
797.580	178.788
797.780	177.807
797.980	177.325
798.180	177.063
798.380	176.265
798.580	175.430
798.780	174.182
798.980	173.340
799.180	172.736
799.380	171.702
799.580	170.940
799.780	170.636
799.980	170.435
800.180	169.882
800.380	168.936
800.580	168.485
800.790	167.913
800.990	167.546
801.190	167.189
801.390	167.101
801.590	166.924
801.790	166.051
801.990	164.921
802.190	163.895
802.390	163.286
802.590	162.492
802.790	162.256
802.990	161.691
803.190	161.188
803.390	160.205
803.590	159.744
803.790	159.300
803.990	158.499
804.190	157.848
804.390	157.921
804.600	157.501
804.800	157.521
805.000	157.167
805.200	156.898
805.400	156.413
805.600	155.647
805.800	154.966
806.000	154.623
806.200	153.873
806.400	153.636
806.600	153.172
806.800	152.786
807.000	152.880
807.200	152.812
807.410	152.295
807.610	152.191
807.810	151.663
808.010	151.725
808.210	151.186
808.410	151.029
808.610	151.030
808.810	151.099
809.010	150.731
809.210	150.436
809.410	150.217
809.610	149.725
809.820	149.636
810.020	150.038
810.220	150.003
810.420	150.387
810.620	150.018
810.820	149.716
811.020	149.277
811.220	149.605
811.420	149.487
811.620	149.564
811.820	149.327
812.030	149.377
812.230	149.252
812.430	149.405
812.630	149.362
812.830	149.805
813.030	149.351
813.230	149.205
813.430	149.357
813.630	149.394
813.830	149.094
814.040	149.232
814.240	148.931
814.440	149.586
814.640	149.338
814.840	149.402
815.040	149.249
815.240	149.118
815.440	148.875
815.640	149.129
815.850	148.906
816.050	149.254
816.250	148.347
816.450	148.226
816.650	147.759
816.850	147.521
817.050	147.008
817.250	146.888
817.460	147.202
817.660	147.140
817.860	147.182
818.060	147.164
818.260	146.968
818.460	147.190
818.660	146.842
818.870	147.075
819.070	147.042
819.270	146.841
819.470	146.017
819.670	146.086
819.870	146.364
820.070	146.450
820.270	146.316
820.480	146.576
820.680	145.985
820.880	146.400
821.080	145.864
821.280	145.723
821.480	145.568
821.680	145.386
821.890	145.546
822.090	145.860
822.290	146.189
822.490	146.736
822.690	146.108
822.890	146.019
823.100	146.285
823.300	146.533
823.500	146.847
823.700	147.019
823.900	146.672
824.100	147.274
824.300	147.262
824.510	147.409
824.710	147.572
824.910	148.137
825.110	148.046
825.310	148.244
825.510	148.100
825.720	148.038
825.920	148.086
826.120	148.084
826.320	147.923
826.520	148.058
826.720	147.797
826.930	147.809
827.130	147.719
827.330	148.246
827.530	148.461
827.730	148.973
827.940	149.404
828.140	149.095
828.340	148.968
828.540	149.210
828.740	149.206
828.940	149.900
829.150	149.227
829.350	149.194
829.550	149.743
829.750	149.758
829.950	149.935
830.160	149.866
830.360	150.175
830.560	150.224
830.760	149.884
830.960	150.215
831.170	150.439
831.370	150.639
831.570	150.529
831.770	150.192
831.970	150.145
832.180	150.323
832.380	150.460
832.580	150.549
832.780	150.686
832.980	150.552
833.190	150.261
833.390	150.609
833.590	150.811
833.790	151.486
833.990	151.381
834.200	151.224
834.400	151.139
834.600	151.389
834.800	151.393
835.000	151.832
835.210	152.401
835.410	152.940
835.610	152.850
835.810	153.101
836.010	153.103
836.220	153.383
836.420	153.510
836.620	153.566
836.820	153.657
837.030	154.243
837.230	154.074
837.430	154.480
837.630	155.002
837.830	155.153
838.040	155.393
838.240	155.596
838.440	155.864
838.640	156.305
838.850	156.343
839.050	157.003
839.250	157.482
839.450	157.408
839.660	157.208
839.860	157.858
840.060	158.434
840.260	159.240
840.470	159.745
840.670	160.008
840.870	160.273
841.070	161.218
841.280	162.054
841.480	162.792
841.680	163.399
841.880	164.073
842.080	163.895
842.290	164.297
842.490	164.989
842.690	165.456
842.890	166.000
843.100	166.502
843.300	166.535
843.500	166.894
843.710	167.091
843.910	167.230
844.110	167.540
844.310	168.509
844.520	168.942
844.720	169.503
844.920	170.428
845.120	170.820
845.330	170.976
845.530	171.728
845.730	172.545
845.930	173.083
846.140	173.786
846.340	174.618
846.540	175.248
846.740	176.314
846.950	176.500
847.150	177.378
847.350	177.506
847.560	178.062
847.760	178.675
847.960	179.644
848.160	179.937
848.370	180.771
848.570	180.839
848.770	181.408
848.980	182.043
849.180	182.793
849.380	183.059
849.580	183.356
849.790	183.721
849.990	184.725
850.190	185.276
850.400	186.083
850.600	186.574
850.800	187.236
851.000	188.060
851.210	188.678
851.410	189.421
851.610	190.642
851.820	191.120
852.020	191.590
852.220	192.841
852.420	193.771
852.630	194.021
852.830	194.170
853.030	195.141
853.240	196.360
853.440	197.157
853.640	197.739
853.850	198.591
854.050	199.073
854.250	199.789
854.460	200.258
854.660	200.995
854.860	201.819
855.060	202.418
855.270	203.392
855.470	203.725
855.670	204.456
855.880	205.042
856.080	206.207
856.280	206.818
856.490	207.792
856.690	208.262
856.890	209.057
857.100	210.016
857.300	210.843
857.500	211.794
857.710	212.976
857.910	213.613
858.110	214.859
858.320	215.317
858.520	215.861
858.720	216.981
858.930	218.011
859.130	218.749
859.330	219.387
859.540	220.519
859.740	221.545
859.940	222.384
860.150	223.152
860.350	224.233
860.550	224.893
860.760	225.795
860.960	227.237
861.160	228.386
861.370	229.340
861.570	229.759
861.770	230.297
861.980	230.823
862.180	231.319
862.380	232.088
862.590	232.906
862.790	233.544
862.990	234.427
863.200	234.830
863.400	235.181
863.600	235.351
863.810	236.408
864.010	237.259
864.220	238.250
864.420	238.892
864.620	240.016
864.830	240.896
865.030	241.854
865.230	242.753
865.440	243.169
865.640	243.766
865.840	244.087
866.050	244.187
866.250	245.342
866.460	245.706
866.660	246.168
866.860	247.209
867.070	247.718
867.270	248.529
867.470	249.057
867.680	249.954
867.880	250.169
868.090	250.115
868.290	250.260
868.490	250.533
868.700	251.154
868.900	251.602
869.100	251.821
869.310	252.088
869.510	252.948
869.720	253.005
869.920	253.107
870.120	253.426
870.330	253.717
870.530	254.401
870.740	254.504
870.940	254.783
871.140	255.551
871.350	255.429
871.550	255.795
871.750	255.938
871.960	256.476
872.160	256.242
872.370	256.711
872.570	256.371
872.770	256.896
872.980	256.808
873.180	256.659
873.390	256.619
873.590	256.432
873.790	256.547
874.000	256.038
874.200	256.099
874.410	256.555
874.610	255.557
874.820	255.160
875.020	254.716
875.220	254.055
875.430	253.751
875.630	253.025
875.840	252.852
876.040	252.826
876.240	252.365
876.450	252.331
876.650	252.443
876.860	252.368
877.060	251.840
877.260	251.398
877.470	250.899
877.670	250.613
877.880	249.325
878.080	248.810
878.290	248.288
878.490	247.916
878.690	247.980
878.900	247.271
879.100	247.096
879.310	247.087
879.510	246.427
879.720	246.168
879.920	245.777
880.120	245.800
880.330	245.187
880.530	244.865
880.740	243.867
880.940	243.774
881.150	242.835
881.350	242.106
881.560	241.618
881.760	241.149
881.960	240.429
882.170	240.095
882.370	240.046
882.580	239.490
882.780	238.427
882.990	238.401
883.190	237.959
883.400	237.814
883.600	237.280
883.800	236.645
884.010	236.196
884.210	235.620
884.420	234.543
884.620	233.978
884.830	233.578
885.030	232.728
885.240	232.053
885.440	231.278
885.650	230.647
885.850	230.521
886.060	229.482
886.260	229.176
886.460	228.600
886.670	228.542
886.870	228.291
887.080	227.541
887.280	226.656
887.490	225.848
887.690	224.400
887.900	223.536
888.100	222.664
888.310	221.786
888.510	220.798
888.720	219.732
888.920	218.718
889.130	218.580
889.330	217.788
889.540	216.960
889.740	215.909
889.950	214.974
890.150	214.132
890.360	213.795
890.560	212.594
890.770	211.971
890.970	211.051
891.170	210.442
891.380	209.417
891.580	208.682
891.790	207.718
891.990	206.489
892.200	205.709
892.400	205.555
892.610	204.727
892.810	204.062
893.020	203.495
893.220	202.717
893.430	201.963
893.630	201.135
893.840	200.417
894.040	199.735
894.250	198.590
894.450	197.394
894.660	196.631
894.860	195.607
895.070	194.435
895.270	193.535
895.480	192.535
895.680	192.373
895.890	191.491
896.100	191.023
896.300	190.152
896.510	189.282
896.710	188.300
896.920	187.245
897.120	187.103
897.330	186.663
897.530	185.491
897.740	184.759
897.940	183.856
898.150	183.089
898.350	182.437
898.560	181.379
898.760	180.818
898.970	180.549
899.170	179.186
899.380	178.545
899.580	177.534
899.790	177.128
899.990	176.628
900.200	175.713
900.410	175.654
900.610	175.481
900.820	173.924
901.020	172.951
901.230	172.654
901.430	171.730
901.640	170.594
901.840	169.849
902.050	169.154
902.250	169.101
902.460	168.069
902.660	167.198
902.870	166.813
903.080	165.926
903.280	165.585
903.490	164.685
903.690	164.020
903.900	164.088
904.100	163.060
904.310	162.092
904.510	161.216
904.720	160.612
904.930	159.998
905.130	159.180
905.340	158.574
905.540	157.889
905.750	156.891
905.950	156.008
906.160	155.072
906.360	154.458
906.570	154.178
906.780	153.262
906.980	152.951
907.190	152.015
907.390	151.107
907.600	150.563
907.800	149.946
908.010	149.494
908.220	148.363
908.420	147.137
908.630	146.488
908.830	145.844
909.040	144.688
909.240	144.105
909.450	143.811
909.660	142.417
909.860	141.833
910.070	141.083
910.270	140.506
910.480	139.683
910.690	138.098
910.890	137.604
911.100	137.004
911.300	136.871
911.510	136.154
911.710	135.272
911.920	134.749
912.130	134.523
912.330	132.948
912.540	131.971
912.740	131.377
912.950	130.984
913.160	130.384
913.360	129.846
913.570	129.360
913.770	129.345
913.980	128.400
914.190	127.937
914.390	127.714
914.600	127.648
914.800	127.366
915.010	126.443
915.220	126.087
915.420	125.817
915.630	125.209
915.830	124.791
916.040	124.596
916.250	123.839
916.450	123.633
916.660	123.513
916.870	123.259
917.070	123.071
917.280	122.518
917.480	121.997
917.690	121.465
917.900	120.893
918.100	120.713
918.310	120.391
918.510	120.419
918.720	120.048
918.930	119.756
919.130	119.764
919.340	119.384
919.550	119.450
919.750	118.791
919.960	118.477
920.160	118.134
920.370	117.991
920.580	116.997
920.780	117.084
920.990	116.813
921.200	116.399
921.400	115.725
921.610	115.334
921.820	115.242
922.020	115.462
922.230	114.501
922.430	114.058
922.640	113.516
922.850	113.094
923.050	112.297
923.260	111.889
923.470	111.820
923.670	111.767
923.880	110.989
924.090	110.986
924.290	110.532
924.500	109.938
924.710	109.878
924.910	109.362
925.120	108.904
925.330	109.307
925.530	108.779
925.740	108.375
925.950	108.244
926.150	108.438
926.360	108.396
926.570	108.095
926.770	107.758
926.980	107.800
927.190	107.365
927.390	106.718
927.600	106.532
927.810	106.670
928.010	106.648
928.220	106.362
928.430	106.274
928.630	106.621
928.840	106.580
929.050	106.427
929.250	106.184
929.460	106.300
929.670	106.496
929.870	106.691
930.080	106.646
930.290	106.663
930.490	106.307
930.700	106.367
930.910	106.432
931.110	106.567
931.320	106.844
931.530	106.814
931.730	106.443
931.940	106.697
932.150	106.339
932.350	106.047
932.560	105.430
932.770	105.614
932.980	105.573
933.180	105.335
933.390	105.087
933.600	105.361
933.800	104.436
934.010	104.296
934.220	104.036
934.420	103.589
934.630	103.554
934.840	103.123
935.040	103.099
935.250	102.856
935.460	101.943
935.670	101.691
935.870	102.098
936.080	101.747
936.290	101.205
936.490	100.768
936.700	100.452
936.910	100.614
937.120	100.417
937.320	100.020
937.530	100.015
937.740	99.938
937.940	99.761
938.150	99.715
938.360	99.542
938.570	99.825
938.770	99.296
938.980	99.012
939.190	98.884
939.390	98.717
939.600	98.781
939.810	98.274
940.020	98.428
940.220	98.958
940.430	98.628
940.640	98.126
940.850	98.164
941.050	98.296
941.260	98.070
941.470	97.817
941.670	97.946
941.880	98.352
942.090	98.092
942.300	98.372
942.500	98.484
942.710	98.366
942.920	98.549
943.130	98.252
943.330	98.118
943.540	98.106
943.750	98.368
943.960	98.559
944.160	98.853
944.370	98.838
944.580	98.852
944.790	99.181
944.990	98.568
945.200	99.150
945.410	99.157
945.620	98.623
945.820	98.618
946.030	98.502
946.240	98.521
946.450	98.469
946.650	98.354
946.860	98.550
947.070	98.040
947.280	97.790
947.480	97.726
947.690	97.588
947.900	97.833
948.110	97.957
948.320	97.682
948.520	97.882
948.730	97.326
948.940	97.248
949.150	97.632
949.350	97.490
949.560	97.616
949.770	97.672
949.980	97.855
950.180	97.755
950.390	96.983
950.600	97.142
950.810	96.978
951.020	96.676
951.220	96.951
951.430	97.104
951.640	96.930
951.850	97.434
952.050	97.598
952.260	97.675
952.470	97.923
952.680	97.690
952.890	97.490
953.090	97.486
953.300	97.181
953.510	98.028
953.720	97.545
953.930	97.217
954.130	97.446
954.340	97.530
954.550	97.802
954.760	97.645
954.970	97.425
955.170	98.081
955.380	97.890
955.590	97.974
955.800	98.359
956.010	98.441
956.210	98.538
956.420	98.559
956.630	98.517
956.840	98.910
957.050	98.046
957.250	98.080
957.460	98.016
957.670	97.638
957.880	98.171
958.090	98.042
958.290	97.948
958.500	97.788
958.710	98.147
958.920	98.359
959.130	98.040
959.340	98.016
959.540	98.255
959.750	98.098
959.960	97.703
960.170	97.984
960.380	97.720
960.590	97.548
960.790	97.189
961.000	96.970
961.210	96.899
961.420	96.991
961.630	96.861
961.830	97.338
962.040	96.960
962.250	96.940
962.460	97.109
962.670	97.093
962.880	97.384
963.080	96.848
963.290	96.752
963.500	96.978
963.710	96.656
963.920	96.344
964.130	96.065
964.340	95.962
964.540	96.265
964.750	96.262
964.960	95.937
965.170	95.942
965.380	95.757
965.590	96.322
965.790	96.226
966.000	96.080
966.210	96.481
966.420	95.954
966.630	96.014
966.840	96.163
967.050	96.230
967.250	95.688
967.460	95.902
967.670	95.727
967.880	95.711
968.090	95.643
968.300	95.859
968.510	96.590
968.710	96.832
968.920	96.734
969.130	96.625
969.340	96.643
969.550	97.096
969.760	97.246
969.970	97.410
970.180	97.651
970.380	97.470
970.590	97.526
970.800	97.249
971.010	97.004
971.220	96.830
971.430	96.477
971.640	96.856
971.850	97.054
972.050	97.018
972.260	96.480
972.470	96.543
972.680	96.820
972.890	96.794
973.100	96.517
973.310	96.569
973.520	96.861
973.730	96.452
973.930	96.177
974.140	96.188
974.350	96.212
974.560	96.312
974.770	96.199
974.980	96.535
975.190	96.863
975.400	96.723
975.610	96.816
975.810	96.929
976.020	96.830
976.230	97.301
976.440	97.468
976.650	97.590
976.860	97.401
977.070	97.065
977.280	96.525
977.490	96.547
977.700	96.954
977.900	97.032
978.110	96.722
978.320	96.728
978.530	97.041
978.740	97.095
978.950	97.090
979.160	96.986
979.370	97.020
979.580	97.181
979.790	97.024
980.000	97.043
980.210	97.453
980.410	97.273
980.620	97.214
980.830	97.470
981.040	97.815
981.250	97.877
981.460	98.112
981.670	98.218
981.880	98.634
982.090	98.409
982.300	98.569
982.510	98.932
982.720	99.101
982.930	99.347
983.140	99.347
983.340	99.337
983.550	99.433
983.760	99.070
983.970	99.086
984.180	99.102
984.390	99.265
984.600	99.319
984.810	99.122
985.020	98.957
985.230	99.480
985.440	99.383
985.650	99.300
985.860	99.606
986.070	99.718
986.280	99.172
986.490	99.457
986.700	99.269
986.900	99.634
987.110	98.987
987.320	99.220
987.530	99.394
987.740	99.486
987.950	99.899
988.160	100.155
988.370	100.342
988.580	100.654
988.790	100.051
989.000	100.222
989.210	100.530
989.420	100.457
989.630	100.304
989.840	100.112
990.050	100.038
990.260	100.307
990.470	99.970
990.680	100.286
990.890	100.369
991.100	100.337
991.310	99.969
991.520	99.804
991.730	99.810
991.940	100.211
992.150	100.208
992.360	100.469
992.570	100.103
992.780	100.289
992.990	100.227
993.200	100.572
993.400	100.466
993.610	100.905
993.820	100.564
994.030	100.900
994.240	101.142
994.450	100.889
994.660	101.138
994.870	101.483
995.080	101.397
995.290	102.053
995.500	101.910
995.710	102.292
995.920	101.861
996.130	101.632
996.340	101.844
996.550	101.472
996.760	101.020
996.970	101.645
997.180	101.509
997.390	101.737
997.600	101.793
997.810	101.512
998.020	101.562
998.230	101.578
998.440	101.868
998.650	102.298
998.860	101.902
999.070	101.852
999.280	101.736
999.490	101.617
999.700	101.571
999.910	101.924
1000.120	102.086
1000.330	102.250
1000.540	102.213
1000.750	102.189
1000.970	101.889
1001.180	102.590
1001.390	102.717
1001.600	102.736
1001.810	102.256
1002.020	102.698
1002.230	102.387
1002.440	102.039
1002.650	102.041
1002.860	101.706
1003.070	101.728
1003.280	101.341
1003.490	100.931
1003.700	101.210
1003.910	100.446
1004.120	100.231
1004.330	100.008
1004.540	100.232
1004.750	100.128
1004.960	100.033
1005.170	100.286
1005.380	100.895
1005.590	100.589
1005.800	100.356
1006.010	100.610
1006.220	100.484
1006.430	100.422
1006.640	100.445
1006.850	100.394
1007.060	100.450
1007.280	99.736
1007.490	99.944
1007.700	99.871
1007.910	99.761
1008.120	99.714
1008.330	99.814
1008.540	99.492
1008.750	99.707
1008.960	99.552
1009.170	99.396
1009.380	99.448
1009.590	99.837
1009.800	99.334
1010.010	98.984
1010.220	98.962
1010.430	99.428
1010.640	99.005
1010.860	99.012
1011.070	99.037
1011.280	98.765
1011.490	98.901
1011.700	98.990
1011.910	99.047
1012.120	99.432
1012.330	98.928
1012.540	99.070
1012.750	99.019
1012.960	98.945
1013.170	98.657
1013.380	98.614
1013.590	98.399
1013.810	98.549
1014.020	98.088
1014.230	97.711
1014.440	97.493
1014.650	97.418
1014.860	97.429
1015.070	97.417
1015.280	97.009
1015.490	97.350
1015.700	96.855
1015.910	96.832
1016.120	96.695
1016.340	96.557
1016.550	96.332
1016.760	96.525
1016.970	96.237
1017.180	96.246
1017.390	95.636
1017.600	95.192
1017.810	94.968
1018.020	94.715
1018.230	94.232
1018.450	94.107
1018.660	93.775
1018.870	93.748
1019.080	93.333
1019.290	93.287
1019.500	93.217
1019.710	93.095
1019.920	93.013
1020.130	93.175
1020.340	93.066
1020.560	92.980
1020.770	92.789
1020.980	92.343
1021.190	92.124
1021.400	92.101
1021.610	92.053
1021.820	92.033
1022.030	91.890
1022.250	92.082
1022.460	91.866
1022.670	91.752
1022.880	91.963
1023.090	92.005
1023.300	91.519
1023.510	91.224
1023.720	91.332
1023.940	91.620
1024.150	90.994
1024.360	91.329
1024.570	91.397
1024.780	91.480
1024.990	91.553
1025.200	91.321
1025.410	91.158
1025.630	91.243
1025.840	91.083
1026.050	91.088
1026.260	91.272
1026.470	90.918
1026.680	91.143
1026.890	91.129
1027.110	91.167
1027.320	91.381
1027.530	91.118
1027.740	90.559
1027.950	90.711
1028.160	90.705
1028.370	90.724
1028.590	90.671
1028.800	90.480
1029.010	90.609
1029.220	90.332
1029.430	89.944
1029.640	90.421
1029.850	90.412
1030.070	90.132
1030.280	90.269
1030.490	90.543
1030.700	90.502
1030.910	89.976
1031.120	89.792
1031.340	89.941
1031.550	89.681
1031.760	89.702
1031.970	89.828
1032.180	90.070
1032.390	90.486
1032.610	90.497
1032.820	90.726
1033.030	90.163
1033.240	90.061
1033.450	89.846
1033.660	89.615
1033.880	89.631
1034.090	89.711
1034.300	89.605
1034.510	89.933
1034.720	89.906
1034.940	90.099
1035.150	90.682
1035.360	90.528
1035.570	90.854
1035.780	91.319
1035.990	91.220
1036.210	91.492
1036.420	91.899
1036.630	91.790
1036.840	91.347
1037.050	91.540
1037.270	91.291
1037.480	91.351
1037.690	91.137
1037.900	91.320
1038.110	91.683
1038.330	91.661
1038.540	91.862
1038.750	92.180
1038.960	92.030
1039.170	91.913
1039.390	91.869
1039.600	91.966
1039.810	91.894
1040.020	91.634
1040.230	91.757
1040.450	91.536
1040.660	91.396
1040.870	91.549
1041.080	90.846
1041.290	90.480
1041.510	90.328
1041.720	90.627
1041.930	90.844
1042.140	90.918
1042.350	90.860
1042.570	91.529
1042.780	90.971
1042.990	90.754
1043.200	90.295
1043.420	90.028
1043.630	89.545
1043.840	89.161
1044.050	89.033
1044.260	88.714
1044.480	88.164
1044.690	88.163
1044.900	87.900
1045.110	87.727
1045.330	87.553
1045.540	87.975
1045.750	87.820
1045.960	88.469
1046.170	88.100
1046.390	87.914
1046.600	87.712
1046.810	87.342
1047.020	87.177
1047.240	87.021
1047.450	86.722
1047.660	86.965
1047.870	86.806
1048.090	86.867
1048.300	86.976
1048.510	87.422
1048.720	87.271
1048.940	87.191
1049.150	87.545
1049.360	88.115
1049.570	87.689
1049.790	87.737
1050.000	87.938
1050.210	88.044
1050.420	87.827
1050.640	87.790
1050.850	87.813
1051.060	88.466
1051.270	87.836
1051.490	88.365
1051.700	88.669
1051.910	88.859
1052.120	89.005
1052.340	89.381
1052.550	89.557
1052.760	89.378
1052.970	89.250
1053.190	89.338
1053.400	89.525
1053.610	89.903
1053.820	90.053
1054.040	90.035
1054.250	89.690
1054.460	89.800
1054.680	89.655
1054.890	89.415
1055.100	89.669
1055.310	89.594
1055.530	90.128
1055.740	90.090
1055.950	89.943
1056.170	90.304
1056.380	89.975
1056.590	89.841
1056.800	89.766
1057.020	89.653
1057.230	89.396
1057.440	89.595
1057.650	89.440
1057.870	89.352
1058.080	88.923
1058.290	88.951
1058.510	88.521
1058.720	88.541
1058.930	88.547
1059.150	88.617
1059.360	88.356
1059.570	88.573
1059.780	87.981
1060.000	87.897
1060.210	87.484
1060.420	87.469
1060.640	87.427
1060.850	87.692
1061.060	87.399
1061.280	87.298
1061.490	87.137
1061.700	87.333
1061.910	87.160
1062.130	87.131
1062.340	86.405
1062.550	86.212
1062.770	86.449
1062.980	86.631
1063.190	86.283
1063.410	86.316
1063.620	86.413
1063.830	86.299
1064.050	86.295
1064.260	85.680
1064.470	85.638
1064.690	85.659
1064.900	85.021
1065.110	84.787
1065.320	84.565
1065.540	84.167
1065.750	83.902
1065.960	83.315
1066.180	82.942
1066.390	83.219
1066.600	82.909
1066.820	82.761
1067.030	82.536
1067.240	83.228
1067.460	83.150
1067.670	83.034
1067.880	82.743
1068.100	83.007
1068.310	82.666
1068.520	82.514
1068.740	82.584
1068.950	82.931
1069.160	82.652
1069.380	82.297
1069.590	82.292
1069.800	82.562
1070.020	82.171
1070.230	82.332
1070.450	82.035
1070.660	82.021
1070.870	81.711
1071.090	82.024
1071.300	82.170
1071.510	82.302
1071.730	81.779
1071.940	81.946
1072.150	81.386
1072.370	81.447
1072.580	81.202
1072.790	81.078
1073.010	80.947
1073.220	81.407
1073.430	81.441
1073.650	81.718
1073.860	81.655
1074.080	81.755
1074.290	81.837
1074.500	81.848
1074.720	82.089
1074.930	82.388
1075.140	82.167
1075.360	82.096
1075.570	81.718
1075.780	82.140
1076.000	81.571
1076.210	81.255
1076.430	81.307
1076.640	81.808
1076.850	81.435
1077.070	81.074
1077.280	81.205
1077.500	81.249
1077.710	80.883
1077.920	80.997
1078.140	80.907
1078.350	81.149
1078.560	80.946
1078.780	81.277
1078.990	81.128
1079.210	81.006
1079.420	80.894
1079.630	80.909
1079.850	80.846
1080.060	81.015
1080.280	80.320
1080.490	80.648
1080.700	80.261
1080.920	80.383
1081.130	80.555
1081.350	80.819
1081.560	80.914
1081.770	81.334
1081.990	80.851
1082.200	80.807
1082.420	80.573
1082.630	80.881
1082.840	80.796
1083.060	81.290
1083.270	81.209
1083.490	81.420
1083.700	81.223
1083.910	81.396
1084.130	81.202
1084.340	81.628
1084.560	81.202
1084.770	81.457
1084.980	81.607
1085.200	81.525
1085.410	81.139
1085.630	81.110
1085.840	81.185
1086.060	80.999
1086.270	80.688
1086.480	80.488
1086.700	80.321
1086.910	80.709
1087.130	80.012
1087.340	79.840
1087.550	79.550
1087.770	79.778
1087.980	80.047
1088.200	79.876
1088.410	79.641
1088.630	79.589
1088.840	78.830
1089.050	79.220
1089.270	79.412
1089.480	79.377
1089.700	79.278
1089.910	78.842
1090.130	78.188
1090.340	78.636
1090.560	78.146
1090.770	77.927
1090.980	77.682
1091.200	78.115
1091.410	77.908
1091.630	78.009
1091.840	77.635
1092.060	77.924
1092.270	77.757
1092.490	77.566
1092.700	77.038
1092.910	77.073
1093.130	76.942
1093.340	76.803
1093.560	76.499
1093.770	76.485
1093.990	76.077
1094.200	76.299
1094.420	76.165
1094.630	76.276
1094.850	76.329
1095.060	76.757
1095.270	76.686
1095.490	77.147
1095.700	76.832
1095.920	77.027
1096.130	77.017
1096.350	77.183
1096.560	76.645
1096.780	76.294
1096.990	76.250
1097.210	76.517
1097.420	76.207
1097.640	76.644
1097.850	76.427
1098.070	76.612
1098.280	76.603
1098.500	76.644
1098.710	76.642
1098.930	77.240
1099.140	76.531
1099.350	76.672
1099.570	76.570
1099.780	76.927
1100.000	76.307
1100.210	76.201
1100.430	76.043
1100.640	76.369
1100.860	76.164
1101.070	76.021
1101.290	76.311
1101.500	76.536
1101.720	76.443
1101.930	76.375
1102.150	76.592
1102.360	76.976
1102.580	76.995
1102.790	77.092
1103.010	76.682
1103.220	76.923
1103.440	76.845
1103.650	76.752
1103.870	76.826
1104.080	77.594
1104.300	77.019
1104.510	76.935
1104.730	77.057
1104.940	76.996
1105.160	76.623
1105.370	76.993
1105.590	77.101
1105.800	77.543
1106.020	77.235
1106.230	77.458
1106.450	77.554
1106.660	77.506
1106.880	77.159
1107.090	77.129
1107.310	77.184
1107.530	77.599
1107.740	77.171
1107.960	77.549
1108.170	77.634
1108.390	77.746
1108.600	77.768
1108.820	78.132
1109.030	78.255
1109.250	78.368
1109.460	78.134
1109.680	78.047
1109.890	78.047
1110.110	78.007
1110.320	78.013
1110.540	78.427
1110.750	77.934
1110.970	78.259
1111.180	77.942
1111.400	77.484
1111.620	77.316
1111.830	77.781
1112.050	77.656
1112.260	77.530
1112.480	77.354
1112.690	77.262
1112.910	76.801
1113.120	76.885
1113.340	76.761
1113.550	76.755
1113.770	76.863
1113.990	77.107
1114.200	77.019
1114.420	77.058
1114.630	76.772
1114.850	76.979
1115.060	76.972
1115.280	76.797
1115.490	76.714
1115.710	76.604
1115.930	76.851
1116.140	76.741
1116.360	76.411
1116.570	76.739
1116.790	76.569
1117.000	76.530
1117.220	76.566
1117.430	76.363
1117.650	76.258
1117.870	76.245
1118.080	76.179
1118.300	75.959
1118.510	76.132
1118.730	76.208
1118.940	76.106
1119.160	75.999
1119.380	75.708
1119.590	76.294
1119.810	75.712
1120.020	75.722
1120.240	76.394
1120.460	76.841
1120.670	76.350
1120.890	76.373
1121.100	76.533
1121.320	76.936
1121.530	76.554
1121.750	76.371
