0.000	35.982
0.879	36.111
1.041	36.101
1.203	36.101
1.365	36.111
1.609	36.114
1.837	36.114
2.089	36.121
2.326	36.114
2.566	36.114
2.806	36.131
3.046	36.128
3.283	36.131
3.523	36.134
3.762	36.134
4.001	36.141
4.239	36.151
4.479	36.158
4.704	36.168
4.958	36.171
5.196	36.175
5.436	36.181
5.675	36.185
5.914	36.181
6.152	36.181
6.392	36.185
6.633	36.181
6.871	36.188
7.109	36.195
7.349	36.201
7.589	36.208
7.826	36.201
8.066	36.205
8.307	36.208
8.546	36.211
8.783	36.221
9.023	36.221
9.263	36.218
9.502	36.228
9.739	36.225
9.980	36.225
10.220	36.231
10.459	36.231
10.688	36.238
10.936	36.238
11.176	36.242
11.416	36.248
11.642	36.268
11.893	36.258
12.132	36.245
12.372	36.258
12.609	36.265
12.849	36.268
13.090	36.272
13.329	36.268
13.567	36.268
13.806	36.275
14.046	36.282
14.284	36.288
14.523	36.288
14.762	36.282
15.003	36.285
15.241	36.285
15.480	36.282
15.705	36.288
15.959	36.305
16.197	36.302
16.437	36.302
16.676	36.305
16.916	36.298
17.151	36.298
17.393	36.305
17.632	36.312
17.872	36.312
18.110	36.315
18.350	36.322
18.589	36.318
18.829	36.305
19.067	36.302
19.306	36.308
19.546	36.308
19.786	36.312
20.024	36.318
20.263	36.325
20.503	36.328
20.741	36.335
20.980	36.339
21.219	36.332
21.460	36.332
21.687	36.332
21.937	36.335
22.176	36.332
22.416	36.322
22.642	36.322
22.893	36.328
23.133	36.335
23.373	36.335
23.611	36.335
23.850	36.332
24.089	36.328
24.319	36.325
24.567	36.325
24.807	36.328
25.046	36.332
25.286	36.335
25.525	36.339
25.763	36.335
26.002	36.335
26.242	36.345
26.482	36.349
26.705	36.349
26.959	36.355
27.199	36.362
27.437	36.365
27.676	36.372
27.916	36.375
28.156	36.375
28.394	36.382
28.633	36.379
28.872	36.382
29.112	36.392
29.350	36.399
29.589	36.399
29.830	36.399
30.069	36.412
30.307	36.422
30.546	36.419
30.786	36.425
31.025	36.425
31.263	36.429
31.487	36.432
31.742	36.446
31.983	36.456
32.220	36.449
32.459	36.449
32.688	36.442
32.939	36.442
33.176	36.442
33.416	36.442
33.642	36.449
33.896	36.446
34.133	36.439
34.372	36.446
34.606	36.442
34.852	36.446
35.090	36.459
35.329	36.459
35.569	36.456
35.808	36.452
36.046	36.459
36.285	36.472
36.526	36.472
36.765	36.469
37.003	36.469
37.243	36.469
37.483	36.469
37.704	36.469
37.959	36.472
38.200	36.472
38.440	36.472
38.677	36.476
38.916	36.482
39.156	36.486
39.396	36.489
39.633	36.486
39.873	36.489
40.112	36.496
40.353	36.492
40.590	36.499
40.829	36.499
41.069	36.502
41.309	36.519
41.547	36.516
41.774	36.509
42.026	36.516
42.266	36.516
42.503	36.516
42.742	36.519
42.983	36.522
43.223	36.526
43.460	36.529
43.688	36.529
43.940	36.543
44.178	36.546
44.416	36.546
44.642	36.553
44.897	36.553
45.135	36.539
45.373	36.539
45.612	36.546
45.853	36.546
46.090	36.546
46.329	36.549
46.569	36.553
46.810	36.549
47.047	36.543
47.286	36.546
47.526	36.553
47.765	36.546
48.003	36.539
48.242	36.536
48.483	36.543
48.723	36.546
48.960	36.546
49.199	36.546
49.440	36.556
49.678	36.563
49.917	36.556
50.156	36.559
50.397	36.556
50.636	36.549
50.873	36.543
51.112	36.536
51.353	36.543
51.593	36.549
51.830	36.549
52.069	36.546
52.310	36.546
52.549	36.543
52.786	36.539
53.025	36.543
53.267	36.539
53.505	36.536
53.743	36.539
53.983	36.539
54.223	36.543
54.461	36.543
54.688	36.546
54.940	36.549
55.180	36.549
55.418	36.549
55.642	36.556
55.896	36.546
56.136	36.543
56.373	36.546
56.613	36.543
56.853	36.543
57.088	36.543
57.330	36.546
57.569	36.546
57.809	36.549
58.049	36.549
58.287	36.553
58.526	36.556
58.765	36.559
59.006	36.559
59.243	36.563
59.483	36.566
59.723	36.559
59.962	36.559
60.200	36.559
60.440	36.556
60.680	36.553
60.919	36.556
61.156	36.559
61.396	36.559
61.637	36.559
61.876	36.559
62.113	36.563
62.353	36.573
62.593	36.576
62.831	36.579
63.069	36.576
63.310	36.579
63.550	36.579
63.788	36.586
64.026	36.589
64.256	36.586
64.506	36.589
64.743	36.596
64.983	36.596
65.223	36.589
65.463	36.586
65.688	36.583
65.940	36.589
66.180	36.583
66.419	36.569
66.642	36.576
66.897	36.563
67.137	36.553
67.374	36.566
67.613	36.563
67.853	36.549
68.093	36.549
68.332	36.549
68.570	36.549
68.810	36.546
69.049	36.549
69.289	36.556
69.526	36.563
69.766	36.563
70.005	36.563
70.246	36.566
70.483	36.566
70.722	36.579
70.963	36.586
71.202	36.586
71.424	36.583
71.679	36.586
71.920	36.593
72.159	36.596
72.397	36.599
72.636	36.603
72.876	36.606
73.114	36.609
73.353	36.613
73.593	36.609
73.833	36.613
74.071	36.619
74.310	36.616
74.542	36.685
74.789	36.626
75.026	36.623
75.267	36.623
75.506	36.616
75.745	36.629
75.983	36.636
76.223	36.698
76.463	36.646
76.687	36.646
76.941	36.711
77.180	36.653
77.420	36.653
77.659	36.721
77.897	36.663
78.136	36.670
78.376	36.735
78.615	36.670
78.854	36.670
79.093	36.670
79.333	36.673
79.572	36.676
79.810	36.666
80.049	36.725
80.289	36.660
80.529	36.653
80.767	36.715
81.006	36.656
81.246	36.649
81.484	36.646
81.710	36.639
81.962	36.629
82.203	36.688
82.442	36.626
82.680	36.629
82.919	36.626
83.159	36.623
83.398	36.623
83.636	36.688
83.876	36.685
84.116	36.626
84.355	36.691
84.593	36.633
84.832	36.626
85.072	36.685
85.310	36.626
85.550	36.678
85.790	36.619
86.029	36.681
86.267	36.675
86.506	36.616
86.745	36.623
86.985	36.619
87.224	36.609
87.463	36.609
87.688	36.668
87.942	36.609
88.180	36.671
88.419	36.613
88.659	36.613
88.899	36.675
89.137	36.675
89.376	36.609
89.616	36.606
89.856	36.609
90.093	36.613
90.332	36.616
90.572	36.675
90.813	36.658
91.050	36.596
91.289	36.661
91.529	36.599
91.768	36.589
92.006	36.579
92.245	36.641
92.486	36.648
92.725	36.579
92.963	36.641
93.202	36.634
93.442	36.569
93.680	36.631
93.919	36.556
94.159	36.559
94.400	36.566
94.637	36.618
94.876	36.614
95.116	36.611
95.356	36.601
95.593	36.594
95.833	36.584
96.073	36.526
96.313	36.588
96.550	36.509
96.789	36.571
97.025	36.558
97.269	36.544
97.507	36.482
97.745	36.551
97.985	36.541
98.226	36.524
98.463	36.521
98.688	36.517
98.942	36.511
99.183	36.491
99.420	36.487
99.659	36.471
99.900	36.454
100.139	36.457
100.376	36.454
100.615	36.441
100.857	36.441
101.095	36.437
101.333	36.362
101.572	36.352
101.813	36.400
102.051	36.407
102.289	36.430
102.529	36.464
102.769	36.487
103.008	36.507
103.246	36.531
103.485	36.554
103.726	36.581
103.963	36.611
104.192	36.641
104.442	36.678
104.682	36.721
104.920	36.771
105.159	36.818
105.400	36.868
105.639	36.918
105.877	36.975
106.116	37.039
106.357	37.020
106.596	37.136
106.833	37.179
107.072	37.226
107.311	37.279
107.553	37.333
107.790	37.389
108.029	37.436
108.270	37.486
108.509	37.546
108.746	37.603
108.985	37.643
109.227	37.690
109.466	37.736
109.688	37.776
109.942	37.820
110.183	37.863
110.421	37.906
110.659	37.950
110.900	38.000
111.140	38.036
111.360	38.070
111.616	38.106
111.856	38.143
112.096	38.183
112.334	38.220
112.573	38.263
112.813	38.296
113.053	38.330
113.291	38.366
113.529	38.393
113.769	38.429
114.009	38.473
114.247	38.509
114.479	38.549
114.726	38.593
114.966	38.623
115.203	38.656
115.442	38.689
115.682	38.722
115.923	38.749
116.160	38.772
116.400	38.802
116.640	38.826
116.879	38.852
117.116	38.889
117.356	38.915
117.597	38.942
117.836	38.965
118.073	38.985
118.313	39.019
118.553	39.045
118.792	39.065
119.029	39.088
119.270	39.115
119.510	39.142
119.748	39.168
119.986	39.195
120.226	39.208
120.466	39.235
120.688	39.251
120.943	39.275
121.183	39.298
121.423	39.318
121.642	39.345
121.900	39.364
122.139	39.378
122.379	39.398
122.618	39.428
122.857	39.458
123.096	39.477
123.336	39.497
123.574	39.514
123.813	39.541
124.053	39.564
124.293	39.581
124.530	39.604
124.770	39.627
125.010	39.644
125.249	39.657
125.486	39.674
125.726	39.687
125.966	39.700
126.206	39.713
126.443	39.730
126.683	39.737
126.922	39.753
127.162	39.777
127.400	39.790
127.639	39.793
127.880	39.810
128.119	39.823
128.357	39.830
128.596	39.830
128.836	39.840
129.075	39.856
129.313	39.866
129.553	39.873
129.793	39.886
130.032	39.896
130.270	39.899
130.509	39.909
130.749	39.929
130.987	39.939
131.227	39.936
131.466	39.943
131.705	39.956
131.944	39.969
132.183	39.979
132.422	39.986
132.659	39.986
132.901	39.989
133.140	39.992
133.379	39.999
133.619	40.006
133.857	40.012
134.096	40.012
134.336	40.012
134.576	40.016
134.814	40.019
135.053	40.009
135.293	39.999
135.532	40.002
135.770	40.002
136.009	40.002
136.250	40.006
136.489	39.999
136.727	39.996
136.961	39.989
137.206	39.999
137.445	40.002
137.683	40.002
137.923	40.009
138.162	40.019
138.401	40.036
138.640	40.045
138.879	40.052
139.119	40.059
139.358	40.062
139.597	40.069
139.836	40.079
140.076	40.072
140.315	40.079
140.553	40.089
140.792	40.085
141.032	40.089
141.272	40.092
141.510	40.095
141.748	40.099
141.989	40.099
142.227	40.095
142.466	40.095
142.705	40.105
142.946	40.102
143.184	40.099
143.423	40.099
143.659	40.105
143.902	40.115
144.129	40.112
144.379	40.105
144.620	40.112
144.859	40.122
145.097	40.125
145.336	40.122
145.576	40.122
145.816	40.125
146.053	40.128
146.292	40.135
146.533	40.148
146.772	40.145
147.010	40.152
147.247	40.158
147.489	40.158
147.728	40.162
147.966	40.165
148.206	40.172
148.446	40.175
148.685	40.178
148.923	40.178
149.162	40.188
149.402	40.188
149.641	40.192
149.880	40.205
150.119	40.211
150.358	40.208
150.598	40.201
150.836	40.208
151.075	40.215
151.316	40.211
151.555	40.215
151.793	40.225
152.032	40.241
152.273	40.251
152.510	40.251
152.749	40.248
152.989	40.265
153.230	40.271
153.467	40.271
153.704	40.278
153.946	40.281
154.186	40.291
154.415	40.294
154.659	40.298
154.903	40.304
155.143	40.294
155.380	40.301
155.619	40.314
155.858	40.318
156.099	40.328
156.336	40.334
156.576	40.324
156.817	40.338
157.056	40.357
157.293	40.361
157.532	40.361
157.773	40.361
158.012	40.354
158.250	40.364
158.489	40.367
158.729	40.377
158.969	40.387
159.206	40.394
159.445	40.401
159.685	40.397
159.924	40.394
160.163	40.401
160.402	40.407
160.642	40.407
160.881	40.411
161.119	40.411
161.358	40.417
161.583	40.411
161.837	40.407
162.076	40.411
162.316	40.411
162.556	40.417
162.793	40.424
163.032	40.430
163.273	40.437
163.513	40.437
163.750	40.434
163.989	40.444
164.230	40.450
164.469	40.444
164.704	40.444
164.945	40.444
165.187	40.440
165.426	40.454
165.659	40.460
165.902	40.464
166.143	40.467
166.382	40.467
166.619	40.474
166.859	40.477
167.100	40.484
167.339	40.484
167.576	40.484
167.816	40.484
168.056	40.490
168.294	40.490
168.533	40.493
168.772	40.500
169.013	40.503
169.251	40.503
169.489	40.507
169.729	40.503
169.969	40.507
170.208	40.507
170.446	40.513
170.686	40.520
170.926	40.530
171.164	40.537
171.402	40.537
171.642	40.533
171.882	40.540
172.120	40.547
172.359	40.550
172.599	40.553
172.839	40.556
173.076	40.560
173.316	40.560
173.555	40.563
173.796	40.566
174.033	40.573
174.273	40.566
174.513	40.563
174.751	40.576
174.989	40.583
175.229	40.583
175.470	40.586
175.705	40.586
175.946	40.590
176.186	40.593
176.426	40.590
176.659	40.596
176.898	40.596
177.143	40.603
177.383	40.606
177.622	40.606
177.859	40.603
178.099	40.610
178.339	40.613
178.577	40.606
178.817	40.606
179.056	40.600
179.296	40.590
179.534	40.590
179.773	40.593
180.012	40.590
180.252	40.593
180.491	40.606
180.729	40.610
180.969	40.613
181.209	40.613
181.446	40.613
181.686	40.616
181.926	40.616
182.166	40.626
182.403	40.629
182.642	40.629
182.883	40.633
183.122	40.629
183.359	40.623
183.599	40.623
183.840	40.619
184.067	40.619
184.317	40.616
184.556	40.619
184.795	40.616
185.035	40.606
185.273	40.603
185.513	40.603
185.752	40.606
185.992	40.616
186.230	40.619
186.469	40.613
186.705	40.619
186.948	40.629
187.184	40.623
187.426	40.619
187.659	40.633
187.904	40.646
188.143	40.636
188.382	40.636
188.622	40.653
188.861	40.669
189.100	40.669
189.339	40.669
189.579	40.682
189.817	40.689
190.056	40.692
190.295	40.699
190.536	40.709
190.774	40.709
191.013	40.709
191.253	40.719
191.492	40.729
191.730	40.729
191.969	40.736
192.210	40.745
192.449	40.800
192.687	40.732
192.926	40.739
193.166	40.739
193.405	40.742
193.642	40.759
193.883	40.762
194.123	40.755
194.352	40.759
194.600	40.759
194.839	40.769
195.079	40.779
195.318	40.782
195.557	40.785
195.796	40.785
196.035	40.795
196.275	40.805
196.513	40.808
196.752	40.815
196.992	40.815
197.233	40.818
197.470	40.822
197.705	40.808
197.949	40.808
198.188	40.818
198.426	40.822
198.659	40.825
198.906	40.818
199.145	40.805
199.383	40.792
199.622	40.782
199.862	40.772
200.100	40.817
200.339	40.732
200.579	40.716
200.819	40.706
201.057	40.676
201.296	40.653
201.521	40.633
201.775	40.593
202.013	40.573
202.253	40.547
202.493	40.510
202.732	40.480
202.970	40.447
203.209	40.417
203.449	40.387
203.688	40.354
203.927	40.318
204.166	40.288
204.406	40.258
204.642	40.215
204.883	40.175
205.122	40.132
205.362	40.092
205.603	40.055
205.840	40.026
206.079	39.999
206.319	39.966
206.558	39.929
206.796	39.889
207.035	39.853
207.276	39.826
207.515	39.855
207.753	39.767
207.992	39.733
208.233	39.758
208.471	39.660
208.704	39.624
208.949	39.597
209.190	39.571
209.428	39.602
209.659	39.514
209.905	39.552
210.146	39.461
210.383	39.434
210.623	39.408
210.862	39.378
211.103	39.341
211.340	39.308
211.579	39.343
211.819	39.245
212.059	39.205
212.297	39.178
212.536	39.148
212.775	39.187
213.016	39.157
213.253	39.072
213.492	39.039
213.733	39.012
213.973	39.044
214.210	39.017
214.449	38.935
214.688	38.906
214.929	38.872
215.166	38.849
215.405	38.829
215.642	38.806
215.886	38.782
216.123	38.762
216.362	38.804
216.603	38.777
216.835	38.767
217.079	38.693
217.319	38.734
217.560	38.707
217.798	38.619
218.036	38.668
218.275	38.648
218.516	38.628
218.754	38.556
218.993	38.539
219.233	38.513
219.473	38.554
219.704	38.534
219.949	38.459
220.190	38.453
220.429	38.439
220.659	38.484
220.906	38.409
221.147	38.464
221.386	38.386
221.623	38.434
221.862	38.353
222.103	38.333
222.343	38.320
222.580	38.365
222.819	38.355
223.060	38.263
223.299	38.311
223.536	38.298
223.775	38.233
224.003	38.311
224.256	38.250
224.493	38.328
224.733	38.293
224.972	38.371
225.212	38.330
225.449	38.356
225.688	38.386
225.930	38.413
226.169	38.446
226.406	38.551
226.642	38.594
226.886	38.583
227.120	38.694
227.363	38.754
227.603	38.821
227.843	38.829
228.081	38.957
228.319	38.965
228.559	39.093
228.799	39.173
229.038	39.182
229.276	39.306
229.516	39.376
229.755	39.384
229.993	39.444
230.233	39.566
230.472	39.625
230.705	39.679
230.950	39.732
231.190	39.798
231.430	39.796
231.659	39.914
231.906	39.913
232.146	39.962
232.386	40.080
232.626	40.079
232.863	40.196
233.103	40.195
233.343	40.323
233.582	40.382
233.819	40.435
234.059	40.488
234.289	40.487
234.539	40.618
234.776	40.677
235.016	40.663
235.256	40.780
235.495	40.779
235.733	40.900
235.973	40.956
236.213	41.002
236.451	41.062
236.687	41.122
236.929	41.171
237.169	41.214
237.407	41.264
237.642	41.252
237.886	41.367
238.126	41.355
238.364	41.463
238.603	41.516
238.842	41.562
239.082	41.602
239.321	41.651
239.560	41.698
239.799	41.741
240.039	41.732
240.276	41.840
240.516	41.883
240.756	41.939
240.996	41.979
241.233	42.015
241.457	42.058
241.705	42.104
241.952	42.154
242.190	42.204
242.429	42.189
242.669	42.286
242.909	42.336
243.147	42.375
243.386	42.415
243.626	42.461
243.865	42.504
244.103	42.544
244.343	42.590
244.583	42.633
244.822	42.669
245.060	42.719
245.299	42.704
245.539	42.808
245.777	42.848
246.017	42.884
246.256	42.924
246.496	42.967
246.734	43.006
246.973	43.049
247.212	43.089
247.452	43.132
247.687	43.174
247.930	43.207
248.169	43.254
248.409	43.303
248.642	43.288
248.886	43.399
249.125	43.442
249.366	43.475
249.604	43.508
249.843	43.544
250.083	43.570
250.322	43.603
250.560	43.643
250.799	43.646
251.039	43.616
251.279	43.580
251.517	43.544
251.755	43.501
251.996	43.452
252.235	43.412
252.473	43.366
252.704	43.232
252.952	43.221
253.192	43.161
253.430	43.105
253.659	43.036
253.908	42.973
254.149	42.907
254.386	42.825
254.626	42.752
254.866	42.683
255.106	42.610
255.343	42.541
255.582	42.468
255.822	42.392
256.061	42.326
256.300	42.260
256.539	42.190
256.772	42.128
257.018	42.065
257.256	41.995
257.495	41.926
257.735	41.863
257.973	41.803
258.213	41.737
258.452	41.671
258.688	41.612
258.930	41.549
259.169	41.492
259.409	41.368
259.642	41.360
259.887	41.317
260.126	41.290
260.366	41.281
260.606	41.257
260.843	41.231
261.082	41.214
261.322	41.208
261.563	41.211
261.800	41.211
262.039	41.224
262.279	41.247
262.519	41.274
262.756	41.297
262.995	41.324
263.236	41.350
263.476	41.387
263.704	41.426
263.940	41.466
264.192	41.502
264.432	41.549
264.669	41.595
264.909	41.641
265.150	41.678
265.388	41.721
265.626	41.757
265.865	41.803
266.106	41.856
266.344	41.886
266.583	41.913
266.822	41.946
267.058	41.979
267.301	42.015
267.539	42.045
267.778	42.065
268.019	42.085
268.256	42.101
268.496	42.111
268.735	42.128
268.976	42.144
269.213	42.154
269.452	42.154
269.688	42.164
269.932	42.177
270.170	42.180
270.409	42.180
270.642	42.190
270.889	42.214
271.126	42.237
271.365	42.257
271.605	42.280
271.846	42.309
272.083	42.336
272.322	42.362
272.563	42.389
272.802	42.354
273.039	42.438
273.278	42.461
273.520	42.504
273.758	42.527
273.996	42.544
274.226	42.567
274.476	42.580
274.704	42.600
274.952	42.620
275.192	42.640
275.433	42.656
275.670	42.676
275.909	42.703
276.149	42.712
276.389	42.726
276.627	42.749
276.866	42.769
277.106	42.782
277.346	42.792
277.583	42.808
277.822	42.831
278.063	42.841
278.302	42.854
278.540	42.868
278.778	42.887
279.020	42.904
279.259	42.910
279.496	42.927
279.735	42.937
279.976	42.940
280.216	42.953
280.453	42.963
280.688	42.967
280.933	42.977
281.172	43.000
281.394	43.013
281.642	43.019
281.889	43.043
282.129	43.052
282.366	43.069
282.606	43.085
282.846	43.092
283.085	43.102
283.322	43.115
283.563	43.125
283.803	43.112
284.041	43.079
284.279	43.036
284.519	42.977
284.758	42.927
284.997	42.884
285.235	42.844
285.476	42.798
285.705	42.745
285.954	42.693
286.192	42.633
286.432	42.580
286.671	42.521
286.910	42.458
287.150	42.402
287.389	42.346
287.629	42.286
287.866	42.230
288.106	42.174
288.345	42.118
288.585	42.061
288.823	41.999
289.063	41.939
289.303	41.890
289.540	41.840
289.779	41.794
290.019	41.741
290.259	41.681
290.499	41.622
290.736	41.572
290.976	41.512
291.216	41.449
291.455	41.413
291.688	41.390
291.932	41.377
292.173	41.363
292.412	41.353
292.642	41.347
292.889	41.337
293.129	41.320
293.368	41.307
293.606	41.300
293.846	41.300
294.086	41.304
294.324	41.317
294.563	41.334
294.802	41.340
295.042	41.370
295.280	41.410
295.520	41.436
295.758	41.456
295.999	41.486
296.237	41.516
296.476	41.549
296.705	41.585
296.955	41.618
297.194	41.641
297.433	41.671
297.672	41.704
297.912	41.724
298.150	41.751
298.389	41.770
298.628	41.803
298.868	41.830
299.107	41.847
299.346	41.886
299.586	41.916
299.825	41.942
300.063	41.972
300.302	41.999
300.543	42.028
300.782	42.055
301.020	42.085
301.259	42.108
301.499	42.128
301.737	42.147
301.976	42.180
302.215	42.210
302.456	42.233
302.687	42.266
302.933	42.293
303.172	42.319
303.412	42.342
303.642	42.372
303.876	42.412
304.129	42.442
304.369	42.468
304.608	42.498
304.846	42.514
305.085	42.537
305.325	42.567
305.564	42.577
305.803	42.584
306.042	42.587
306.282	42.590
306.520	42.587
306.759	42.600
306.994	42.646
307.238	42.669
307.477	42.663
307.705	42.643
307.956	42.617
308.195	42.600
308.433	42.590
308.672	42.577
308.912	42.557
309.152	42.551
309.390	42.541
309.629	42.524
309.869	42.508
310.108	42.485
310.346	42.465
310.585	42.445
310.825	42.422
311.066	42.402
311.303	42.385
311.542	42.362
311.781	42.346
312.022	42.336
312.259	42.313
312.499	42.286
312.738	42.260
312.979	42.250
313.216	42.233
313.455	42.217
313.688	42.200
313.934	42.184
314.162	42.167
314.412	42.138
314.642	42.131
314.891	42.114
315.129	42.101
315.368	42.091
315.608	42.068
315.848	42.048
316.086	42.025
316.325	42.005
316.566	41.995
316.803	41.979
317.042	41.959
317.281	41.936
317.523	41.919
317.760	41.909
317.999	41.890
318.239	41.876
318.479	41.853
318.704	41.833
318.955	41.817
319.196	41.800
319.436	41.784
319.673	41.767
319.912	41.751
320.152	41.741
320.392	41.727
320.629	41.708
320.869	41.688
321.109	41.678
321.349	41.668
321.586	41.648
321.825	41.635
322.066	41.615
322.305	41.602
322.543	41.592
322.782	41.585
323.023	41.572
323.261	41.562
323.499	41.549
323.738	41.532
323.979	41.529
324.218	41.516
324.456	41.502
324.688	41.492
324.936	41.473
325.174	41.466
325.412	41.456
325.642	41.449
325.893	41.436
326.130	41.416
326.369	41.420
326.609	41.416
326.849	41.400
327.086	41.390
327.325	41.383
327.566	41.370
327.806	41.360
328.043	41.353
328.282	41.340
328.522	41.340
328.761	41.330
328.999	41.324
329.238	41.307
329.477	41.300
329.704	41.300
329.956	41.287
330.195	41.277
330.436	41.267
330.674	41.261
330.912	41.261
331.152	41.254
331.393	41.244
331.632	41.231
331.869	41.224
332.108	41.218
332.349	41.221
332.587	41.218
332.826	41.214
333.066	41.211
333.306	41.204
333.544	41.198
333.782	41.188
334.022	41.188
334.262	41.178
334.501	41.175
334.738	41.171
334.979	41.165
335.219	41.161
335.456	41.161
335.688	41.161
335.936	41.165
336.176	41.165
336.413	41.161
336.642	41.155
336.893	41.155
337.132	41.161
337.369	41.161
337.608	41.155
337.849	41.148
338.089	41.145
338.326	41.204
338.566	41.271
338.806	41.284
339.045	41.271
339.282	41.261
339.522	41.274
339.762	41.281
340.002	41.277
340.239	41.423
340.479	41.582
340.705	41.615
340.958	41.645
341.195	41.651
341.436	41.655
341.675	41.648
341.915	41.638
342.152	41.635
342.392	41.631
342.632	41.628
342.870	41.612
343.109	41.608
343.349	41.605
343.589	41.588
343.813	41.578
344.066	41.575
344.305	41.565
344.545	41.559
344.784	41.545
345.023	41.529
345.262	41.519
345.502	41.509
345.739	41.506
345.979	41.502
346.218	41.509
346.459	41.516
346.688	41.519
346.931	41.516
347.176	41.512
347.415	41.492
347.642	41.463
347.892	41.453
348.133	41.453
348.372	41.492
348.609	41.535
348.849	41.572
349.089	41.602
349.328	41.641
349.566	41.691
349.806	41.737
350.046	41.777
350.285	41.784
350.523	41.774
350.762	41.757
351.002	41.734
351.240	41.714
351.480	41.684
351.705	41.655
351.959	41.628
352.197	41.598
352.436	41.569
352.675	41.526
352.915	41.489
353.153	41.449
353.393	41.406
353.632	41.363
353.872	41.324
354.099	41.290
354.349	41.251
354.588	41.204
354.829	41.158
355.067	41.118
355.306	41.079
355.546	41.039
355.785	40.996
356.023	40.956
356.262	40.923
356.502	40.880
356.741	40.837
356.980	40.800
357.219	40.760
357.458	40.731
357.687	40.694
357.936	40.648
358.175	40.605
358.416	40.571
358.642	40.538
358.893	40.502
359.132	40.465
359.372	40.415
359.611	40.379
359.849	40.346
360.089	40.303
360.329	40.279
360.568	40.270
360.806	40.286
361.045	40.306
361.285	40.336
361.524	40.369
361.762	40.386
362.002	40.402
362.242	40.422
362.481	40.452
362.705	40.505
362.958	40.555
363.198	40.608
363.438	40.661
363.676	40.724
363.915	40.784
364.155	40.820
364.394	40.853
364.632	40.890
364.872	40.916
365.112	40.946
365.350	40.979
365.589	41.006
365.829	41.019
366.068	41.035
366.306	41.055
366.545	41.059
366.786	41.065
367.025	41.072
367.263	41.075
367.502	41.075
367.742	41.082
367.982	41.075
368.219	41.059
368.459	41.052
368.688	41.049
368.939	41.035
369.176	41.019
369.413	41.009
369.642	41.002
369.895	40.989
370.133	40.976
370.372	40.972
370.612	40.966
370.852	40.959
371.089	40.959
371.328	40.953
371.568	40.946
371.809	40.936
372.046	40.933
372.285	40.939
372.525	40.929
372.764	40.919
373.002	40.919
373.241	40.926
373.483	40.926
373.704	40.926
373.959	40.923
374.198	40.923
374.439	40.929
374.676	40.939
374.915	40.946
375.156	40.946
375.396	40.943
375.633	40.949
375.872	41.017
376.112	40.956
376.352	40.959
376.581	40.972
376.829	40.969
377.069	40.976
377.309	40.979
377.546	40.972
377.785	40.972
378.025	40.976
378.265	40.976
378.503	40.963
378.741	40.956
378.983	40.963
379.222	40.943
379.459	40.943
379.688	40.953
379.939	40.953
380.179	40.959
380.416	40.959
380.642	40.956
380.896	40.959
381.134	40.953
381.372	40.943
381.611	40.943
381.853	40.946
382.091	40.943
382.329	40.933
382.568	40.923
382.809	40.910
383.047	40.910
383.285	40.906
383.525	40.910
383.750	40.903
384.003	40.896
384.242	40.896
384.483	40.890
384.704	40.880
384.959	40.880
385.199	40.870
385.439	40.921
385.678	40.853
385.916	40.853
386.155	40.847
386.396	40.840
386.635	40.840
386.867	40.833
387.112	40.830
387.353	40.833
387.592	40.827
387.829	40.817
388.068	40.807
388.309	40.803
388.549	40.797
388.786	40.790
389.025	40.787
389.266	40.784
389.505	40.777
389.742	40.774
389.982	40.770
390.223	40.774
390.462	40.767
390.688	40.764
390.939	40.764
391.179	40.754
391.417	40.754
391.642	40.754
391.896	40.750
392.136	40.744
392.374	40.724
392.612	40.687
392.852	40.664
393.092	40.644
393.330	40.608
393.569	40.581
393.809	40.558
394.035	40.532
394.286	40.512
394.525	40.485
394.766	40.455
395.006	40.432
395.243	40.409
395.483	40.372
395.723	40.339
395.962	40.316
396.199	40.293
396.439	40.270
396.679	40.250
396.919	40.226
397.156	40.203
397.396	40.177
397.635	40.147
397.875	40.123
398.112	40.104
398.353	40.074
398.593	40.044
398.832	40.021
399.069	39.994
399.309	39.971
399.549	39.938
399.788	39.911
400.026	39.891
400.266	39.871
400.506	39.855
400.744	39.825
400.983	39.801
401.222	39.785
401.462	39.765
401.688	39.742
401.940	39.722
402.179	39.692
402.419	39.662
402.642	39.642
402.896	39.683
403.135	39.599
403.376	39.582
403.613	39.559
403.853	39.536
404.093	39.506
404.332	39.544
404.569	39.527
404.809	39.439
405.050	39.413
405.289	39.393
405.526	39.379
405.766	39.359
406.006	39.343
406.245	39.326
406.483	39.306
406.722	39.286
406.963	39.266
407.202	39.243
407.440	39.223
407.679	39.213
407.919	39.190
408.158	39.167
408.397	39.153
408.636	39.137
408.876	39.113
409.115	39.100
409.351	39.087
409.592	39.064
409.832	39.054
410.072	39.037
410.310	39.014
410.549	38.997
410.789	38.984
411.027	38.974
411.266	38.960
411.505	38.947
411.745	38.927
411.984	38.907
412.223	38.887
412.462	38.871
412.687	38.864
412.941	38.844
413.179	38.821
413.419	38.807
413.659	38.801
413.897	38.784
414.136	38.764
414.375	38.744
414.615	38.724
414.853	38.711
415.092	38.701
415.333	38.684
415.572	38.671
415.810	38.661
416.049	38.648
416.289	38.641
416.519	38.628
416.766	38.604
417.006	38.591
417.246	38.584
417.485	38.574
417.723	38.561
417.962	38.551
418.202	38.538
418.442	38.528
418.680	38.514
418.919	38.494
419.159	38.488
419.398	38.481
419.636	38.471
419.875	38.454
420.115	38.503
420.356	38.424
420.593	38.408
420.832	38.463
421.072	38.384
421.311	38.371
421.549	38.365
421.788	38.351
422.029	38.345
422.268	38.341
422.506	38.328
422.745	38.373
422.985	38.298
423.223	38.353
423.462	38.288
423.687	38.275
423.942	38.268
424.180	38.326
424.419	38.251
424.659	38.241
424.899	38.225
425.136	38.283
425.375	38.215
425.616	38.208
425.856	38.205
426.093	38.195
426.332	38.185
426.571	38.175
426.804	38.161
427.049	38.216
427.289	38.151
427.529	38.135
427.768	38.121
428.006	38.108
428.245	38.153
428.485	38.153
428.724	38.088
428.963	38.075
429.202	38.065
429.442	38.058
429.680	38.048
429.919	38.035
430.158	38.031
430.399	38.025
430.638	38.083
430.876	38.015
431.115	38.008
431.356	38.001
431.594	37.991
431.832	38.050
432.072	37.985
432.313	37.975
432.551	38.023
432.789	37.965
433.029	37.951
433.269	37.941
433.506	37.935
433.745	37.921
433.973	37.921
434.226	37.925
434.463	37.921
434.688	37.911
434.942	37.898
435.182	37.875
435.419	37.871
435.659	37.875
435.899	37.865
436.139	37.861
436.376	37.861
436.615	37.865
436.856	37.916
437.095	37.845
437.333	37.841
437.572	37.831
437.812	37.890
438.052	37.821
438.289	37.818
438.528	37.880
438.768	37.811
439.009	37.801
439.246	37.853
439.485	37.788
439.725	37.778
439.964	37.771
440.202	37.833
440.442	37.768
440.682	37.765
440.921	37.761
441.159	37.751
441.399	37.745
441.639	37.738
441.877	37.731
442.115	37.721
442.356	37.718
442.596	37.711
442.833	37.705
443.072	37.705
443.312	37.698
443.552	37.685
443.789	37.733
444.029	37.668
444.270	37.661
444.509	37.651
444.746	37.706
444.985	37.641
445.226	37.693
445.465	37.628
445.688	37.628
445.942	37.614
446.183	37.611
446.422	37.604
446.659	37.663
446.899	37.598
447.139	37.598
447.378	37.591
447.616	37.643
447.856	37.574
448.096	37.626
448.335	37.558
448.572	37.568
448.812	37.564
449.052	37.554
449.287	37.548
449.529	37.548
449.768	37.548
450.009	37.548
450.247	37.544
450.485	37.534
450.725	37.589
450.966	37.518
451.204	37.508
451.442	37.511
451.682	37.501
451.922	37.488
452.159	37.488
452.399	37.484
452.640	37.484
452.879	37.468
453.116	37.454
453.356	37.451
453.596	37.438
453.835	37.428
454.072	37.424
454.313	37.414
454.552	37.398
454.792	37.384
455.029	37.433
455.269	37.364
455.509	37.358
455.747	37.348
455.986	37.331
456.226	37.328
456.455	37.321
456.688	37.311
456.942	37.304
457.182	37.287
457.422	37.274
457.659	37.333
457.900	37.267
458.139	37.271
458.379	37.261
458.617	37.254
458.856	37.251
459.095	37.302
459.335	37.241
459.573	37.234
459.813	37.227
460.052	37.227
460.292	37.217
460.530	37.207
460.769	37.214
461.008	37.214
461.249	37.211
461.486	37.269
461.726	37.266
461.966	37.197
462.205	37.194
462.442	37.252
462.682	37.184
462.923	37.177
463.162	37.174
463.400	37.177
463.623	37.171
463.878	37.222
464.118	37.216
464.356	37.157
464.595	37.219
464.836	37.212
465.075	37.212
465.313	37.147
465.552	37.141
465.792	37.144
466.031	37.144
466.269	37.196
466.509	37.137
466.741	37.134
466.988	37.131
467.226	37.134
467.465	37.127
467.705	37.124
467.943	37.127
468.183	37.182
468.422	37.179
468.659	37.121
468.900	37.117
469.139	37.121
469.378	37.121
469.618	37.110
469.858	37.104
470.096	37.107
470.335	37.179
470.575	37.124
470.814	37.121
471.052	37.172
471.292	37.110
471.532	37.117
471.770	37.179
472.009	37.186
472.248	37.182
472.488	37.114
472.726	37.117
472.965	37.114
473.204	37.172
473.445	37.114
473.683	37.114
473.909	37.114
474.162	37.117
474.401	37.114
474.639	37.110
474.878	37.117
475.119	37.117
475.358	37.107
475.596	37.166
475.835	37.104
476.075	37.104
476.315	37.100
476.552	37.097
476.792	37.162
477.032	37.100
477.271	37.166
477.509	37.169
477.748	37.159
477.988	37.087
478.227	37.080
478.466	37.146
478.704	37.146
478.961	37.136
479.184	37.074
479.422	37.064
479.659	37.060
479.901	37.054
480.141	37.109
480.379	37.054
480.619	37.112
480.858	37.047
481.096	37.044
481.335	37.102
481.575	37.105
481.815	37.099
482.053	37.089
482.292	37.092
482.532	37.095
482.771	37.085
483.009	37.082
483.248	37.027
483.488	37.079
483.728	37.020
483.966	37.082
484.205	37.065
484.444	37.065
484.684	37.072
484.922	37.065
485.161	37.062
485.402	37.004
485.642	37.007
